0.000302
0.000349
0.000315
0.000470
0.000479
0.000462
0.000374
0.000422
0.000341
0.000330
0.000400
0.000361
0.000385
0.000417
0.000423
0.000432
0.000395
0.000354
0.000387
0.000363
0.000383
0.000380
0.000389
0.000413
0.000416
0.000453
0.000461
0.000713
0.000748
0.000483
0.000445
0.000464
0.000455
0.000442
0.000440
0.000457
0.000429
0.000441
0.000428
0.000428
0.000476
0.000434
0.000460
0.000455
0.000467
0.000458
0.000470
0.000470
0.000490
0.000492
0.000497
0.000493
0.000518
0.000500
0.000530
0.000529
0.000528
0.000516
0.000555
0.000527
0.000620
0.000564
0.000569
0.000552
0.000558
0.000556
0.000542
0.000567
0.000547
0.000561
0.000563
0.000548
0.000573
0.000544
0.000553
0.000537
0.000564
0.000544
0.000576
0.000566
0.000552
0.000574
0.000559
0.000571
0.000554
0.000579
0.001347
0.000609
0.000572
0.000592
0.000591
0.000588
0.000601
0.000587
0.000622
0.000592
0.000506
0.000518
0.000500
0.000518
0.000499
0.000525
0.000505
0.000548
0.000531
0.000526
0.000512
0.000536
0.000516
0.000546
0.000525
0.000551
0.001168
0.000555
0.000540
0.000561
0.000545
0.000553
0.000541
0.000561
0.000545
0.000541
0.000566
0.000571
0.000597
0.000543
0.000561
0.000560
0.000556
0.000561
0.000550
0.000537
0.000593
0.000592
0.000523
0.000520
0.000489
0.000519
0.000488
0.000489
0.000481
0.000559
0.000491
0.000506
0.000489
0.000510
0.000492
0.000505
0.000580
0.000727
0.000574
0.000486
0.000494
0.000497
0.000512
0.000486
0.000506
0.000498
0.000495
0.000494
0.000511
0.000499
0.000507
0.000483
0.000526
0.000500
0.000519
0.000502
0.000536
0.000523
0.000847
0.000810
0.000639
0.000574
0.000573
0.000527
0.000836
0.000562
0.000516
0.000517
0.000510
0.000526
0.000590
0.000664
0.000670
0.000504
0.000523
0.000501
0.000524
0.000514
0.000524
0.000508
0.000514
0.000530
0.000541
0.000521
0.000559
0.000539
0.000522
0.000531
0.000515
0.000541
0.000522
0.000586
0.000520
0.000532
0.000527
0.000556
0.000707
0.000933
0.000690
0.000563
0.000551
0.000547
0.000548
0.000568
0.000554
0.000534
0.000528
0.000515
0.000540
0.000535
0.000530
0.000519
0.000574
0.000535
0.000538
0.000520
0.000535
0.000530
0.000541
0.000546
0.000522
0.000520
0.000517
0.000532
0.000523
0.000532
0.000524
0.000578
0.000513
0.000548
0.000551
0.000533
0.000557
0.000525
0.000570
0.000544
0.000538
0.000524
0.001084
0.000545
0.000538
0.000529
0.000637
0.000607
0.000627
0.000513
0.000532
0.000518
0.000528
0.000516
0.000527
0.000534
0.000513
0.000513
0.000513
0.000524
0.000539
0.000949
0.000560
0.000538
0.000535
0.000517
0.000518
0.000526
0.000524
0.000502
0.000687
0.000827
0.000527
0.000540
0.000534
0.000548
0.000551
0.000517
0.000557
0.000516
0.000531
0.000512
0.000517
0.000508
0.000544
0.000502
0.000519
0.000510
0.000523
0.000652
0.000538
0.000543
0.000831
0.000618
0.000599
0.000551
0.000531
0.000519
0.000596
0.000674
0.000557
0.000550
0.000525
0.000518
0.000499
0.000532
0.000514
0.000712
0.000710
0.000608
0.000534
0.000521
0.000519
0.000503
0.000506
0.000516
0.000509
0.000516
0.000592
0.000650
0.000856
0.000563
0.000516
0.000535
0.000533
0.000511
0.000557
0.000524
0.000524
0.000519
0.000527
0.000518
0.000532
0.000506
0.000530
0.000510
0.000517
0.000497
0.000544
0.000540
0.000536
0.000524
0.000522
0.000555
0.000540
0.000529
0.000522
0.000533
0.000520
0.000615
0.000527
0.000537
0.000521
0.000529
0.000511
0.000529
0.000539
0.000612
0.000532
0.000529
0.000547
0.000519
0.000529
0.000514
0.000529
0.000518
0.000530
0.000530
0.000532
0.000515
0.000526
0.000521
0.000535
0.000516
0.000518
0.000547
0.000528
0.000547
0.000516
0.000534
0.000519
0.000551
0.000524
0.000533
0.000527
0.000542
0.000852
0.000538
0.000542
0.000522
0.000527
0.000536
0.000545
0.000539
0.000543
0.000524
0.000538
0.000534
0.000529
0.000538
0.000527
0.000540
0.000534
0.000548
0.000527
0.000537
0.000535
0.000529
0.000539
0.000544
0.000533
0.000534
0.000588
0.000539
0.000537
0.000589
0.000572
0.000548
0.000552
0.000530
0.000544
0.000821
0.000730
0.000561
0.000535
0.000547
0.000538
0.000529
0.000533
0.000698
0.000659
0.000601
0.000541
0.000541
0.000544
0.000551
0.000535
0.000550
0.000521
0.000543
0.000536
0.000729
0.000842
0.000547
0.000563
0.000552
0.000550
0.000535
0.000517
0.000542
0.000561
0.000554
0.000552
0.000540
0.000523
0.000540
0.000537
0.000550
0.000538
0.000535
0.000541
0.000543
0.000541
0.000543
0.000537
0.000567
0.000538
0.000530
0.000537
0.000551
0.000574
0.000542
0.000557
0.000529
0.000550
0.000527
0.000539
0.000550
0.000543
0.000540
0.000515
0.000537
0.000529
0.000557
0.000525
0.000560
0.000520
0.000536
0.000558
0.000540
0.000539
0.000525
0.000551
0.000536
0.000539
0.000537
0.000549
0.000535
0.000583
0.000545
0.000527
0.000543
0.000542
0.000539
0.000524
0.000560
0.000528
0.000536
0.000538
0.000838
0.000540
0.000521
0.000534
0.000522
0.000551
0.000531
0.000526
0.000532
0.000522
0.000527
0.000523
0.000541
0.000519
0.000539
0.000525
0.000550
0.000517
0.000550
0.000526
0.000538
0.000523
0.000544
0.000527
0.000556
0.000545
0.000524
0.000546
0.000524
0.000552
0.000526
0.000584
0.000563
0.000584
0.000566
0.000541
0.000534
0.000535
0.000538
0.000515
0.000533
0.000605
0.000667
0.000549
0.000527
0.000535
0.000537
0.000657
0.000529
0.000550
0.000546
0.000528
0.000546
0.000737
0.000919
0.000568
0.000532
0.000545
0.000525
0.000542
0.000531
0.000528
0.000545
0.000540
0.000531
0.000589
0.000529
0.000528
0.000541
0.000529
0.000542
0.000549
0.000542
0.000557
0.000615
0.000537
0.000542
0.000538
0.000533
0.000523
0.000528
0.000540
0.000566
0.000557
0.000554
0.000544
0.000526
0.000546
0.000537
0.000540
0.000546
0.000546
0.000538
0.000574
0.000538
0.000551
0.000541
0.000517
0.000536
0.000524
0.000543
0.000554
0.000562
0.000566
0.000598
0.000528
0.000563
0.000544
0.000535
0.000534
0.000525
0.000531
0.000535
0.000560
0.000537
0.000538
0.000527
0.000539
0.000529
0.000539
0.000545
0.000528
0.000532
0.000552
0.000552
0.000529
0.000550
0.000533
0.000534
0.000540
0.000556
0.000535
0.000557
0.000571
0.000536
0.000551
0.000522
0.000552
0.000542
0.000537
0.000531
0.000541
0.000521
0.000554
0.000564
0.000526
0.000540
0.000535
0.000550
0.000539
0.000569
0.000555
0.000622
0.000559
0.000553
0.000541
0.000562
0.000549
0.000541
0.000604
0.000825
0.000753
0.000582
0.000547
0.000547
0.000558
0.000553
0.000540
0.000530
0.000557
0.000537
0.000575
0.000560
0.000646
0.000921
0.000544
0.000548
0.000561
0.000536
0.000563
0.000540
0.000556
0.000527
0.000548
0.000546
0.000577
0.000539
0.000543
0.000554
0.000556
0.000552
0.000548
0.000543
0.000541
0.000546
0.000540
0.000529
0.000539
0.000548
0.000566
0.000545
0.000577
0.000564
0.000560
0.000539
0.000562
0.000575
0.000545
0.000544
0.000564
0.000552
0.000543
0.000572
0.000524
0.000555
0.000544
0.000539
0.000556
0.000551
0.000548
0.000537
0.000542
0.000541
0.000563
0.000530
0.000555
0.000542
0.000554
0.000552
0.000531
0.000548
0.000536
0.000548
0.000554
0.000551
0.000554
0.000543
0.000556
0.000542
0.000552
0.000552
0.000626
0.000564
0.000563
0.000559
0.000547
0.000560
0.000541
0.000559
0.000543
0.000563
0.000546
0.000549
0.000540
0.000543
0.000554
0.000559
0.000565
0.000536
0.000552
0.000530
0.000556
0.000540
0.000572
0.000576
0.000540
0.000550
0.000556
0.000560
0.000608
0.000593
0.000602
0.000590
0.000590
0.000956
0.000546
0.000573
0.000566
0.000592
0.000665
0.000688
0.000563
0.000549
0.000551
0.000574
0.000565
0.000567
0.000588
0.000571
0.000555
0.000581
0.000646
0.001082
0.000572
0.000566
0.000550
0.000664
0.000562
0.000555
0.000565
0.000541
0.000559
0.000533
0.000565
0.000558
0.000551
0.000555
0.000556
0.000553
0.000546
0.000563
0.000553
0.000550
0.000572
0.000554
0.000565
0.000549
0.000558
0.000554
0.000592
0.000561
0.000585
0.000558
0.000543
0.000595
0.000568
0.000575
0.000553
0.000566
0.000560
0.000547
0.000569
0.000561
0.000555
0.000555
0.000571
0.000563
0.000543
0.000566
0.000544
0.000566
0.000581
0.000549
0.000570
0.000551
0.000572
0.000556
0.000527
0.000553
0.000549
0.000584
0.000540
0.000621
0.000579
0.000552
0.000566
0.000561
0.000588
0.000562
0.000571
0.000564
0.000552
0.000568
0.000569
0.000563
0.000548
0.000561
0.000583
0.000551
0.000564
0.000542
0.000571
0.000544
0.000555
0.000550
0.000569
0.000552
0.000585
0.000566
0.000539
0.000574
0.000546
0.000575
0.000554
0.000567
0.000638
0.000571
0.000607
0.000563
0.000583
0.000586
0.000579
0.000598
0.000604
0.000646
0.000785
0.000651
0.000566
0.000568
0.000554
0.000935
0.000561
0.000553
0.000594
0.000561
0.000574
0.000599
0.001326
0.000634
0.000604
0.000577
0.000558
0.000582
0.000555
0.000556
0.000549
0.000575
0.000568
0.000548
0.000553
0.000541
0.000574
0.000557
0.000582
0.000553
0.000574
0.000573
0.000547
0.000560
0.000550
0.000573
0.000542
0.000579
0.000624
0.000575
0.000589
0.000566
0.000567
0.000543
0.000568
0.000564
0.000556
0.000558
0.000553
0.000578
0.000549
0.000562
0.000544
0.000575
0.000553
0.000549
0.000568
0.000549
0.000591
0.000557
0.000604
0.000578
0.000568
0.000570
0.000546
0.000562
0.000550
0.000576
0.000584
0.000565
0.000579
0.000559
0.000568
0.000561
0.000576
0.000583
0.000549
0.000565
0.000555
0.000583
0.000545
0.000563
0.000540
0.000553
0.000567
0.000546
0.000558
0.000549
