0.000232
0.000301
0.000330
0.000317
0.000426
0.000310
0.000328
0.000363
0.000355
0.000340
0.000393
0.000360
0.000366
0.000402
0.000451
0.000449
0.000400
0.000435
0.000426
0.000426
0.000495
0.000454
0.000432
0.000418
0.000440
0.000417
0.000432
0.000557
0.000789
0.000729
0.000571
0.000491
0.000444
0.000450
0.000458
0.000454
0.000472
0.000462
0.000478
0.000452
0.000465
0.000456
0.000484
0.000456
0.000462
0.000452
0.000471
0.000441
0.000469
0.000769
0.001427
0.000958
0.000730
0.000601
0.000567
0.000525
0.000521
0.000586
0.000589
0.000529
0.000592
0.000536
0.000535
0.000495
0.000529
0.000504
0.000545
0.000509
0.000504
0.000526
0.000490
0.000524
0.000508
0.000515
0.000536
0.000529
0.000516
0.000761
0.001719
0.001213
0.000726
0.000653
0.000614
0.000556
0.000710
0.000575
0.000551
0.000578
0.000560
0.000562
0.000568
0.000546
0.000563
0.000532
0.000552
0.000530
0.000581
0.000531
0.000607
0.000554
0.000532
0.000567
0.000605
0.002191
0.001094
0.000720
0.000917
0.000708
0.000661
0.000622
0.000618
0.000575
0.000576
0.000574
0.000566
0.000563
0.000558
0.000577
0.000550
0.000577
0.000570
0.000603
0.000588
0.000577
0.000576
0.000552
0.000892
0.002136
0.002721
0.000919
0.000724
0.000650
0.000683
0.000627
0.000606
0.000610
0.000602
0.000605
0.000571
0.000555
0.000649
0.000597
0.000579
0.000617
0.000605
0.000680
0.002105
0.002346
0.001312
0.000877
0.000784
0.000748
0.000755
0.000740
0.000719
0.000710
0.000729
0.000701
0.000654
0.000678
0.000665
0.000661
0.000670
0.000642
0.001243
0.003203
0.001212
0.000895
0.000787
0.000753
0.000700
0.000726
0.000760
0.000791
0.000785
0.000794
0.000760
0.000706
0.000680
0.000699
0.000709
0.000656
0.002495
0.000968
0.000838
0.000797
0.000776
0.000967
0.001073
0.001008
0.000933
0.000877
0.000850
0.000779
0.000734
0.000723
0.000779
0.000802
0.000892
0.001609
0.001715
0.000840
0.000743
0.000774
0.000700
0.000689
0.000672
0.000693
0.000678
0.000672
0.000703
0.000684
0.000683
0.000689
0.000682
0.000647
0.000697
0.000753
0.000687
0.000670
0.000726
0.001135
0.001390
0.000849
0.000795
0.000796
0.000754
0.000701
0.000712
0.000749
0.000711
0.000676
0.000658
0.000669
0.000684
0.000692
0.000709
0.000716
0.000790
0.000758
0.000732
0.000718
0.000774
0.000762
0.000730
0.000709
0.000745
0.000756
0.000724
0.000746
0.000780
0.000743
0.000730
0.000736
0.000703
0.000666
0.000651
0.000707
0.000714
0.000696
0.000730
0.000739
0.000717
0.000709
0.000743
0.000757
0.000728
0.000722
0.000740
0.000711
0.000705
0.000718
0.000707
0.000692
0.000668
0.000745
0.000737
0.000728
0.000709
0.000687
0.000748
0.000721
0.000695
0.000701
0.000700
0.000703
0.000662
0.000702
0.000707
0.000762
0.000757
0.000790
0.000811
0.000787
0.000747
0.000761
0.000758
0.000739
0.000747
0.000723
0.000738
0.000732
0.000917
0.000858
0.000796
0.000785
0.000765
0.000743
0.000741
0.000838
0.000752
0.000735
0.000744
0.000752
0.000738
0.000779
0.000739
0.000821
0.000781
0.000865
0.001128
0.001887
0.001235
0.002697
0.001507
0.001433
0.002290
0.001541
0.001235
0.001011
0.001130
0.001237
0.001164
0.001029
0.000980
0.000969
0.001054
0.000986
0.001055
0.001105
0.001048
0.001055
0.000976
0.000922
0.000902
0.000897
0.000953
0.000880
0.000881
0.000830
0.000876
0.000867
0.000893
0.000866
0.000898
0.000913
0.000913
0.000880
0.000931
0.000845
0.000862
0.000878
0.000865
0.000913
0.000894
0.000877
0.000835
0.000875
0.000825
0.000892
0.000837
0.000838
0.000839
0.000878
0.000875
0.000906
0.000886
0.000865
0.000875
0.000856
0.000952
0.000926
0.000909
0.001155
0.001199
0.001151
0.001003
0.001104
0.001583
0.000983
0.000861
0.000859
0.000991
0.002312
0.001313
0.001074
0.001022
0.001001
0.001083
0.001253
0.001257
0.001323
0.001415
0.001217
0.001079
0.001206
0.001211
0.001377
0.001243
0.001966
0.001983
0.001137
0.001024
0.001051
0.001010
0.000930
0.000951
0.000952
0.000952
0.001598
0.002433
0.001366
0.001189
0.001105
0.001084
0.001046
0.001026
0.000981
0.000990
0.000992
0.000968
0.001018
0.000959
0.002254
0.002112
0.001647
0.001272
0.001488
0.001149
0.001137
0.001084
0.001136
0.001075
0.001008
0.000997
0.001833
0.002353
0.002258
0.001515
0.001195
0.001190
0.001103
0.001037
0.000989
0.001031
0.001037
0.001159
0.001898
0.002317
0.001428
0.001365
0.001278
0.001257
0.001127
0.001077
0.001076
0.001045
0.001014
0.001110
0.001071
0.002885
0.002639
0.001368
0.001304
0.001192
0.001168
0.001148
0.001127
0.001117
0.001341
0.001155
0.002176
0.001745
0.001165
0.001189
0.001508
0.001263
0.001237
0.001206
0.001095
0.001112
0.001118
0.001129
0.001121
0.002451
0.002050
0.001244
0.001146
0.001109
0.001109
0.001097
0.001165
0.001083
0.001056
0.001088
0.001076
0.001074
0.002071
0.001414
0.001221
0.001112
0.001048
0.001178
0.001253
0.001269
0.001228
0.001197
0.002151
0.001129
0.001536
0.001876
0.001217
0.001173
0.001104
0.001125
0.001150
0.001173
0.001326
0.001219
0.001357
0.001285
0.001225
0.001200
0.001154
0.001148
0.001115
0.001155
0.001106
0.001228
0.001517
0.001368
0.001250
0.001395
0.002108
0.001428
0.002208
0.001299
0.001196
0.001121
0.001089
0.001416
0.001259
0.001300
0.001305
0.001278
0.001191
0.001137
0.001148
0.001172
0.001154
0.001142
0.001150
0.001270
0.001205
0.001172
0.001164
0.001124
0.001131
0.001091
0.001124
0.001126
0.001111
0.004829
0.003871
0.001494
0.001203
0.001117
0.001044
0.001048
0.001054
0.001053
0.001051
0.001041
0.001034
0.000994
0.001103
0.001054
0.001052
0.001260
0.001209
0.001171
0.001182
0.001610
0.001396
0.001003
0.001179
0.001744
0.001172
0.001712
0.001698
0.001612
0.001406
0.001203
0.001146
0.001097
0.001107
0.001173
0.001146
0.001125
0.001111
0.001175
0.001102
0.001056
0.001070
0.001099
0.001108
0.001065
0.001091
0.001044
0.001071
0.001044
0.001020
0.001043
0.001082
0.001016
0.001298
0.001079
0.001026
0.001018
0.001004
0.001007
0.000980
0.000992
0.000993
0.001124
0.001054
0.001045
0.001053
0.001054
0.001020
0.001173
0.001103
0.001091
0.001070
0.001054
0.001094
0.001234
0.001202
0.001184
0.001153
0.001569
0.001618
0.001264
0.001850
0.001208
0.001213
0.001081
0.001080
0.001079
0.001090
0.001147
0.001155
0.001079
0.001070
0.001071
0.001059
0.001173
0.001161
0.001141
0.001100
0.001129
0.001089
0.001026
0.001027
0.001119
0.001060
0.001117
0.001101
0.001107
0.001125
0.001118
0.001115
0.001084
0.001085
0.001047
0.001120
0.001106
0.001132
0.001114
0.001075
0.001114
0.001063
0.001097
0.001074
0.001111
0.001126
0.001165
0.001177
0.001110
0.001060
0.001110
0.001134
0.001105
0.001306
0.001330
0.001330
0.001250
0.001388
0.001955
0.001125
0.001324
0.002010
0.001243
0.001157
0.001111
0.001102
0.001157
0.001182
0.001239
0.001311
0.001409
0.001353
0.001370
0.001655
0.001534
0.001542
0.002894
0.001489
0.001227
0.001369
0.001405
0.001306
0.001247
0.001300
0.002641
0.001728
0.001472
0.001328
0.001321
0.001393
0.001431
0.001299
0.001222
0.001233
0.001225
0.002860
0.001892
0.001481
0.001491
0.001547
0.001403
0.001342
0.001302
0.001249
0.001214
0.001409
0.002833
0.001630
0.001586
0.001487
0.001506
0.001378
0.001394
0.001345
0.001345
0.001345
0.002687
0.001706
0.001658
0.001464
0.001535
0.001402
0.001380
0.001275
0.001290
0.001204
0.001216
0.002631
0.002791
0.001677
0.001567
0.001417
0.001301
0.001347
0.001327
0.001326
0.001283
0.002623
0.001768
0.001388
0.001871
0.001662
0.001447
0.001418
0.001427
0.001310
0.001321
0.001824
0.002392
0.001385
0.001417
0.001348
0.001333
0.001324
0.001322
0.001262
0.001279
0.001262
0.001245
0.002242
0.001490
0.001389
0.001339
0.001299
0.001219
0.001212
0.001258
0.001272
0.001261
0.001197
0.001147
0.001279
0.001244
0.001264
0.001287
0.001240
0.001276
0.001228
0.001247
0.001169
0.001223
0.001158
0.001255
0.001286
0.001352
0.001219
0.001198
0.001158
0.001182
0.001232
0.001399
0.001393
0.001295
0.001284
0.002244
0.001252
0.001234
0.002193
0.001402
0.001277
0.001227
0.001218
0.001245
0.001203
0.001181
0.001201
0.001236
0.001204
0.001235
0.001217
0.001283
0.001222
0.001247
0.001248
0.001250
0.001244
0.001258
0.001224
0.001218
0.001190
0.001205
0.001244
0.001204
0.001247
0.001186
0.001216
0.001238
0.001179
0.001173
0.001184
0.001251
0.001231
0.001213
0.001193
0.001270
0.001191
0.001203
0.001213
0.001232
0.001216
0.001143
0.001124
0.001192
0.001346
0.001330
0.001303
0.001841
0.001670
0.001185
0.001221
0.001925
0.001318
0.001253
0.001319
0.001250
0.001240
0.001226
0.001228
0.001369
0.001434
0.001506
0.001535
0.001358
0.001409
0.001520
0.001407
0.001397
0.001350
0.001439
0.001675
0.001521
0.001417
0.001380
0.001580
0.001452
0.001359
0.001430
0.001498
0.001419
0.001413
0.001347
0.001286
0.001272
0.001276
0.001229
0.001251
0.001252
0.001232
0.001261
0.001283
0.001298
0.001598
0.001598
0.001460
0.001359
0.002291
0.001390
0.002087
0.001361
0.001348
0.001329
0.001242
0.001229
0.001289
0.001282
0.001275
0.001235
0.001253
0.001245
0.001310
0.001341
0.001301
0.001294
0.001273
0.001266
0.001280
0.001272
0.001261
0.001296
0.001358
0.001256
0.001248
0.001299
0.001227
0.001256
0.001364
0.001306
0.001328
0.001262
0.001244
0.001280
0.001254
0.001207
0.001223
0.001214
0.001307
0.001231
0.001207
0.001251
0.001253
0.001228
0.001251
0.001398
0.001335
0.001264
0.001214
0.001234
0.001238
0.001260
0.001223
