0.000576
0.001428
0.002252
0.003247
0.005063
0.005182
0.005967
0.007484
0.005242
0.004487
0.004676
0.005345
0.005622
0.006238
0.006797
0.007330
0.005823
0.003805
0.003690
0.003928
0.004032
0.004111
0.004308
0.004838
0.005299
0.005304
0.005763
0.007188
0.005615
0.005644
0.006109
0.006557
0.005036
0.003479
0.003407
0.003576
0.003774
0.004129
0.004260
0.004357
0.004217
0.004375
0.004129
0.004209
0.004377
0.004407
0.004518
0.004612
0.004744
0.005023
0.005095
0.005261
0.006501
0.005544
0.005494
0.005454
0.005538
0.005563
0.005802
0.005859
0.006277
0.006296
0.006466
0.006894
0.006907
0.005289
0.004558
0.004763
0.004231
0.004359
0.004340
0.004241
0.004446
0.004502
0.004336
0.004479
0.009485
0.006866
0.006769
0.005106
0.004748
0.005100
0.004972
0.005105
0.005567
0.005125
0.005384
0.005431
0.005617
0.006875
0.006690
0.005917
0.005581
0.005652
0.005607
0.005392
0.005614
0.005799
0.004919
0.006626
0.006819
0.006481
0.006865
0.006099
0.006248
0.006314
0.006316
0.005628
0.005529
0.005382
0.007358
0.005929
0.006079
0.009561
0.008404
0.006868
0.007225
0.006989
0.007159
0.008404
0.008527
0.007537
0.007356
0.007169
0.007505
0.008744
0.007708
0.006840
0.008782
0.006687
0.006517
0.006055
0.005559
0.005058
0.004686
0.004300
0.004569
0.004458
0.004141
0.004323
0.004675
0.004846
0.004027
0.004106
0.003993
0.003922
0.003625
0.004149
0.003685
0.003701
0.003624
0.003834
0.003916
0.003827
0.003813
0.004120
0.004890
0.006199
0.004399
0.004805
0.004440
0.004270
0.004223
0.004156
0.004212
0.004290
0.004289
0.004228
0.004226
0.004449
0.004237
0.004643
0.006191
0.004412
0.005181
0.005408
0.005470
0.005276
0.005418
0.005426
0.005478
0.005612
0.005425
0.005596
0.006805
0.006524
0.006515
0.005326
0.005158
0.005606
0.004885
0.004822
0.004921
0.005195
0.004747
0.004745
0.005571
0.007308
0.007252
0.006215
0.006123
0.006163
0.005816
0.006252
0.006195
0.006392
0.007108
0.007466
0.006683
0.006642
0.006421
0.006287
0.006438
0.006376
0.006642
0.006723
0.007488
0.007927
0.007562
0.007457
0.006923
0.006633
0.006516
0.007036
0.006429
0.007534
0.010020
0.008332
0.007229
0.007171
0.006943
0.007408
0.007479
0.006326
0.007817
0.009197
0.007940
0.007658
0.007182
0.006940
0.007096
0.007255
0.007739
0.009512
0.011503
0.007658
0.007597
0.007532
0.007452
0.007785
0.007057
0.006898
0.008875
0.009787
0.008481
0.007386
0.006880
0.007605
0.006719
0.006436
0.007155
0.007802
0.006919
0.005613
0.005490
0.005375
0.005370
0.004897
0.004731
0.004715
0.004855
0.004784
0.004653
0.006300
0.004264
0.004903
0.005542
0.004580
0.005440
0.004528
0.004587
0.004459
0.004322
0.003943
0.003758
0.003640
0.003978
0.005887
0.003832
0.004617
0.003886
0.003766
0.003691
0.003714
0.003897
0.003741
0.003705
0.003703
0.004051
0.003999
0.003872
0.003789
0.004284
0.005415
0.005038
0.004116
0.005004
0.004029
0.003923
0.004005
0.003833
0.003901
0.003968
0.003993
0.004187
0.003860
0.003997
0.003987
0.003911
0.005177
0.005083
0.006470
0.004463
0.004188
0.004128
0.004149
0.004067
0.003962
0.004173
0.004375
0.004334
0.004084
0.004349
0.004133
0.005093
0.005793
0.005382
0.004507
0.004594
0.004281
0.004280
0.004304
0.004377
0.004216
0.004424
0.004328
0.004454
0.004404
0.005016
0.006481
0.005133
0.005357
0.004718
0.004528
0.004340
0.004319
0.004404
0.004587
0.004613
0.004566
0.004488
0.004581
0.006948
0.006824
0.005741
0.006097
0.005414
0.005578
0.005118
0.005097
0.004630
0.005211
0.004571
0.004842
0.006685
0.006204
0.005882
0.004950
0.004850
0.004671
0.004976
0.004778
0.004846
0.004956
0.005064
0.004751
0.005740
0.006748
0.005699
0.005615
0.005488
0.004847
0.004922
0.004914
0.004846
0.005178
0.004905
0.005059
0.005107
0.005079
0.006462
0.005761
0.005313
0.005545
0.005175
0.005097
0.005047
0.005234
0.005107
0.005038
0.005078
0.005237
0.006326
0.007718
0.006579
0.006247
0.005549
0.005267
0.005121
0.005175
0.005230
0.005721
0.005056
0.005541
0.010445
0.007541
0.006660
0.006564
0.006661
0.006145
0.006628
0.006204
0.006325
0.007527
0.007106
0.008444
0.007347
0.006779
0.006508
0.005945
0.006071
0.005696
0.006127
0.007877
0.007347
0.007347
0.006975
0.007056
0.006660
0.006697
0.006120
0.006074
0.005900
0.007380
0.006073
0.006790
0.006643
0.006787
0.006934
0.006748
0.006905
0.007201
0.006983
0.007946
0.007540
0.007695
0.006935
0.006894
0.007142
0.007177
0.006337
0.007312
0.009180
0.007252
0.006315
0.005997
0.006109
0.005856
0.006132
0.006155
0.006310
0.007463
0.009556
0.010487
0.007795
0.007156
0.007106
0.007264
0.006928
0.006282
0.007456
0.007665
0.006910
0.007382
0.007321
0.007023
0.006442
0.006221
0.005995
0.005876
0.009261
0.006827
0.008441
0.005883
0.005843
0.005801
0.005729
0.005735
0.005789
0.005534
0.007775
0.007362
0.007506
0.005825
0.005642
0.005690
0.005247
0.005218
0.005974
0.005322
0.005090
0.006474
0.006394
0.006861
0.006347
0.005379
0.005716
0.004896
0.004532
0.004467
0.004444
0.004285
0.004356
0.004246
0.005285
0.006563
0.005397
0.005107
0.005188
0.004734
0.007019
0.004761
0.004647
0.004937
0.005179
0.004579
0.005028
0.006173
0.005393
0.004870
0.005558
0.004004
0.003945
0.003838
0.003849
0.003804
0.003795
0.003880
0.003849
0.003948
0.003867
0.003848
0.004334
0.005206
0.004013
0.005087
0.006436
0.003884
0.003833
0.004036
0.003805
0.003790
0.003962
0.004413
0.003738
0.003752
0.003812
0.004264
0.005067
0.005578
0.005472
0.004469
0.004585
0.004469
0.004473
0.003893
0.003836
0.003980
0.005176
0.004516
0.003819
0.003863
0.004456
0.004618
0.004952
0.005058
0.005100
0.004624
0.004648
0.004363
0.004535
0.004565
0.004580
0.004696
0.004616
0.005102
0.004739
0.005992
0.005586
0.005392
0.006004
0.004914
0.005901
0.005042
0.006209
0.005225
0.005273
0.004536
0.004496
0.006090
0.005957
0.005455
0.004863
0.006032
0.004745
0.005026
0.004885
0.004889
0.005167
0.004971
0.004909
0.005761
0.011211
0.009184
0.005764
0.006077
0.006473
0.005105
0.005295
0.005367
0.005052
0.005022
0.005889
0.005326
0.005177
0.004560
0.004874
0.004873
0.005966
0.004931
0.004987
0.005026
0.005061
0.005043
0.005495
0.006149
0.006462
0.005988
0.005141
0.005163
0.005066
0.005106
0.005049
0.004975
0.005126
0.005134
0.005106
0.005840
0.007118
0.005409
0.004815
0.005049
0.004296
0.004534
0.004443
0.004450
0.004518
0.005116
0.004458
0.004860
0.004571
0.006320
0.004985
0.005428
0.005363
0.004626
0.004527
0.005090
0.004562
0.004365
0.004503
0.004653
0.004403
0.004544
0.005888
0.007315
0.005644
0.007370
0.004938
0.004870
0.004789
0.004452
0.004762
0.004793
0.004475
0.004544
0.004946
0.006851
0.006250
0.006490
0.005061
0.004860
0.004895
0.004693
0.004611
0.004669
0.005045
0.004851
0.005439
0.005990
0.008216
0.005878
0.006113
0.006159
0.005751
0.005688
0.005405
0.005368
0.005783
0.005417
0.005655
0.007385
0.005682
0.006696
0.005857
0.005349
0.006333
0.005400
0.005117
0.004847
0.005167
0.004597
0.005218
0.006723
0.005691
0.006274
0.005767
0.005531
0.005306
0.004828
0.005004
0.005138
0.004890
0.005143
0.005008
0.007794
0.005698
0.005747
0.005737
0.004976
0.005106
0.005102
0.005070
0.005158
0.005245
0.004909
0.005130
0.006299
0.006248
0.006773
0.006577
0.005312
0.005578
0.005202
0.005204
0.005642
0.005212
0.005017
0.006386
0.007189
0.006162
0.006555
0.006045
0.006145
0.005498
0.005220
0.005559
0.005481
0.005540
0.005802
0.007111
0.006939
0.006117
0.006058
0.005432
0.005618
0.005074
0.005065
0.005495
0.005170
0.005379
0.005383
0.007794
0.007702
0.009127
0.006390
0.006715
0.006468
0.006764
0.006367
0.005748
0.009756
0.007501
0.006925
0.006426
0.006450
0.006251
0.005986
0.006172
0.005298
0.005498
0.007589
0.006131
0.006765
0.005931
0.005325
0.005851
0.005453
0.005632
0.005919
0.005173
0.005660
0.006840
0.007304
0.007250
0.006919
0.006949
0.006528
0.006472
0.006785
0.006607
0.006655
0.007530
0.007680
0.007297
0.006577
0.006615
0.006568
0.006544
0.006092
0.006166
0.005667
0.008344
0.006515
0.008125
0.006804
0.006600
0.006672
0.006432
0.006485
0.005764
0.005560
0.008692
0.006851
0.006420
0.006402
0.005986
0.006008
0.005879
0.006133
0.005793
0.005640
0.006688
0.007370
0.007249
0.006055
0.005932
0.006391
0.005623
0.005980
0.005887
0.005815
0.006099
0.008690
0.006932
0.006409
0.005721
0.006288
0.005653
0.005760
0.006033
0.005794
0.005774
0.005935
0.008486
0.007417
0.006906
0.007160
0.006805
0.006728
0.006739
0.007061
0.007459
0.010086
0.007472
0.007373
0.007055
0.006728
0.006062
0.005850
0.006003
0.005789
0.008174
0.007341
0.007085
0.006983
0.006423
0.006662
0.006565
0.006679
0.006464
0.006085
0.006891
0.007582
0.008352
0.006656
0.006293
0.005902
0.005799
0.006538
0.006112
0.005852
0.007211
0.009057
0.009644
0.007580
0.007392
0.007040
0.006776
0.006135
0.005986
0.007328
0.007781
0.007574
0.007832
0.007228
0.007455
0.007381
0.008012
0.007362
0.010329
0.008602
0.008095
0.007405
0.007451
0.007099
0.008409
0.006822
0.008285
0.007661
0.010278
0.008651
0.007577
0.007301
0.006931
0.006418
0.006894
0.009439
0.007638
0.007066
0.006270
0.006334
0.006399
0.006429
0.006826
0.006314
0.006368
0.008622
0.007754
0.006912
0.006316
0.006370
0.006315
0.006597
0.006944
0.006235
0.007165
0.007951
0.008053
0.007047
0.007848
0.006176
0.006157
0.006502
0.006447
0.006888
0.008783
0.007577
0.007525
0.006360
