0.000363
0.000429
0.000499
0.000523
0.000523
0.000495
0.000526
0.000528
0.000549
0.000530
0.000572
0.000570
0.000581
0.000601
0.000589
0.000609
0.000614
0.000613
0.000631
0.000610
0.000636
0.000626
0.000648
0.000655
0.000666
0.000643
0.000658
0.000634
0.000667
0.000750
0.000640
0.000658
0.000678
0.000644
0.000676
0.000668
0.000664
0.000674
0.000685
0.000689
0.000738
0.000715
0.000771
0.000680
0.000696
0.000704
0.001004
0.000987
0.000708
0.000810
0.001075
0.000969
0.000750
0.000745
0.000741
0.000715
0.000724
0.000724
0.000713
0.000732
0.000730
0.000735
0.000718
0.000731
0.000740
0.000724
0.000716
0.000738
0.000756
0.000730
0.000730
0.000878
0.000806
0.000792
0.000808
0.000816
0.000849
0.000832
0.000800
0.000806
0.000811
0.000805
0.000833
0.000798
0.000798
0.000771
0.000795
0.000792
0.000778
0.000775
0.000777
0.000770
0.000799
0.000811
0.000778
0.000772
0.000783
0.000786
0.000806
0.000792
0.000786
0.000780
0.000793
0.000782
0.000767
0.000801
0.000804
0.000786
0.000786
0.000787
0.000810
0.000809
0.000829
0.000840
0.000819
0.000822
0.000822
0.000807
0.000814
0.000810
0.000875
0.000972
0.000902
0.000867
0.000805
0.000795
0.000782
0.000903
0.000946
0.000832
0.000729
0.000713
0.000694
0.000801
0.001584
0.000912
0.000791
0.000764
0.000769
0.000747
0.000707
0.000728
0.000695
0.000704
0.000684
0.000722
0.000714
0.000705
0.000769
0.000718
0.000718
0.000697
0.000706
0.000702
0.000700
0.000730
0.000714
0.000712
0.000681
0.000708
0.000718
0.000701
0.000766
0.000737
0.000723
0.000703
0.000730
0.000712
0.000700
0.000825
0.000750
0.000743
0.000730
0.000746
0.000740
0.000753
0.000754
0.000744
0.000757
0.000749
0.000716
0.000736
0.000732
0.000759
0.000714
0.000716
0.000737
0.000750
0.000740
0.000796
0.000915
0.000842
0.000929
0.000919
0.000883
0.000990
0.000926
0.000841
0.000857
0.000849
0.000859
0.000855
0.000883
0.001046
0.001173
0.001089
0.001149
0.001110
0.001564
0.001350
0.001032
0.000999
0.000977
0.000954
0.001606
0.001627
0.001363
0.001072
0.001030
0.001048
0.001020
0.000970
0.000978
0.001006
0.000940
0.000957
0.000955
0.000990
0.001014
0.001082
0.001052
0.001012
0.001000
0.001071
0.001034
0.001039
0.001010
0.001033
0.000994
0.001007
0.000995
0.000949
0.000961
0.000992
0.000951
0.000956
0.000979
0.000973
0.000986
0.000984
0.001168
0.001024
0.000980
0.001095
0.000977
0.000997
0.000993
0.001015
0.001020
0.001006
0.001010
0.001011
0.001091
0.001112
0.001012
0.001036
0.001242
0.001137
0.001103
0.001063
0.001049
0.001080
0.001039
0.001043
0.001022
0.001082
0.001066
0.001059
0.001048
0.001020
0.001027
0.001088
0.001005
0.000992
0.001211
0.002216
0.001522
0.001468
0.001503
0.011088
0.001734
0.001670
0.002701
0.001719
0.002392
0.001563
0.001521
0.001571
0.001373
0.001506
0.001670
0.001531
0.001487
0.001505
0.001830
0.001411
0.001363
0.008274
0.001571
0.001610
0.001695
0.001610
0.008047
0.001397
0.001320
0.001238
0.001270
0.001279
0.001389
0.001695
0.001437
0.001692
0.001737
0.001388
0.001325
0.002336
0.001444
0.001303
0.001311
0.002050
0.001247
0.001198
0.001178
0.001225
0.001225
0.001301
0.001378
0.001224
0.001237
0.001248
0.001159
0.001237
0.001233
0.001183
0.001252
0.001183
0.001333
0.001452
0.001375
0.001317
0.002424
0.001291
0.001208
0.001575
0.001747
0.001298
0.001265
0.001248
0.001224
0.001192
0.001150
0.001168
0.001341
0.001438
0.001502
0.001495
0.001325
0.001289
0.001237
0.001320
0.001492
0.001417
0.001383
0.002215
0.001279
0.001225
0.001238
0.001320
0.002190
0.001347
0.001270
0.001241
0.001248
0.002097
0.001895
0.001565
0.001451
0.001393
0.001618
0.001797
0.001682
0.002119
0.001864
0.002214
0.001298
0.001278
0.001250
0.001267
0.001624
0.001867
0.001427
0.001340
0.001289
0.003065
0.002123
0.001411
0.001321
0.001231
0.001850
0.003184
0.001538
0.002528
0.001430
0.001332
0.001396
0.001323
0.001305
0.001308
0.002349
0.001694
0.001810
0.002875
0.001606
0.001472
0.001454
0.001375
0.001377
0.002065
0.002081
0.001711
0.002687
0.001663
0.001441
0.001410
0.001349
0.001345
0.001340
0.001896
0.002232
0.001530
0.001836
0.001922
0.001423
0.001404
0.001515
0.001357
0.001325
0.003011
0.001719
0.001590
0.001685
0.002252
0.001440
0.001348
0.001358
0.001420
0.001497
0.002090
0.001478
0.001437
0.001399
0.001403
0.001400
0.001420
0.001362
0.001363
0.001364
0.001315
0.001556
0.001449
0.001455
0.001526
0.001740
0.001554
0.001523
0.002306
0.001483
0.001401
0.001457
0.002178
0.001509
0.001503
0.001396
0.001305
0.001315
0.001283
0.001308
0.001302
0.001299
0.001446
0.001390
0.001380
0.001364
0.001429
0.001600
0.001508
0.001550
0.002262
0.001349
0.001363
0.001381
0.001764
0.002002
0.001453
0.001357
0.001306
0.001327
0.001306
0.001299
0.001311
0.001319
0.001312
0.001302
0.001424
0.001298
0.001346
0.001620
0.001727
0.001517
0.001453
0.002451
0.001450
0.001413
0.001410
0.002095
0.001459
0.001444
0.001362
0.001332
0.001350
0.001444
0.001360
0.001354
0.001337
0.001299
0.001384
0.001392
0.001399
0.001545
0.001664
0.001536
0.001512
0.002457
0.001457
0.001375
0.001368
0.002130
0.001460
0.001429
0.001465
0.001403
0.001424
0.001461
0.001515
0.001441
0.001457
0.001442
0.001420
0.001421
0.001432
0.001538
0.001647
0.001968
0.003031
0.001599
0.001565
0.001585
0.002497
0.001676
0.001606
0.001564
0.001594
0.001533
0.001698
0.001653
0.001569
0.001800
0.001794
0.001704
0.001756
0.001633
0.001571
0.001790
0.001557
0.001601
0.001771
0.001683
0.001544
0.001675
0.001442
0.001405
0.001383
0.001412
0.001361
0.001332
0.001352
0.001322
0.001319
0.001370
0.001382
0.001373
0.001369
0.001340
0.001413
0.001556
0.001577
0.001522
0.002076
0.001692
0.002273
0.001538
0.001488
0.001429
0.001367
0.001367
0.001409
0.001343
0.001351
0.001404
0.001456
0.001608
0.001422
0.001455
0.001408
0.001424
0.001376
0.001439
0.001430
0.001365
0.001413
0.001372
0.001437
0.001381
0.001441
0.001430
0.001359
0.001374
0.001367
0.001354
0.001371
0.001363
0.001368
0.001356
0.001397
0.001380
0.001406
0.001363
0.001489
0.001648
0.001578
0.001550
0.002254
0.001568
0.001493
0.001790
0.001959
0.001506
0.001445
0.001875
0.001439
0.001433
0.001463
0.001437
0.001446
0.001445
0.001469
0.001467
0.001462
0.001455
0.001421
0.001507
0.001390
0.001447
0.001493
0.001469
0.001433
0.001443
0.001413
0.001387
0.001414
0.001416
0.001409
0.001387
0.001386
0.001390
0.001359
0.001372
0.001429
0.001438
0.001408
0.001478
0.001414
0.001451
0.001759
0.001608
0.001805
0.002276
0.001498
0.001534
0.002426
0.001596
0.001530
0.001465
0.001521
0.001507
0.001521
0.001511
0.001484
0.001470
0.001514
0.001426
0.001484
0.001465
0.001568
0.001596
0.001477
0.001516
0.001479
0.001470
0.001479
0.001479
0.001451
0.001420
0.001454
0.001447
0.001455
0.001502
0.001477
0.001449
0.001475
0.001461
0.001449
0.001468
0.001465
0.001503
0.001730
0.001688
0.001640
0.002282
0.001668
0.001494
0.001534
0.002425
0.001615
0.001550
0.001956
0.001525
0.001472
0.001451
0.001451
0.001534
0.001641
0.001537
0.001557
0.001574
0.001497
0.001504
0.001515
0.001535
0.001536
0.001502
0.001523
0.001537
0.001550
0.001494
0.001550
0.001467
0.001505
0.001483
0.001458
0.001463
0.001477
0.001460
0.001469
0.001497
0.002175
0.001552
0.001617
0.001703
0.001632
0.001600
0.002819
0.001811
0.002308
0.001687
0.001581
0.001507
0.001520
0.001641
0.001598
0.001600
0.001556
0.001488
0.001602
0.001673
0.001534
0.001499
0.001553
0.001481
0.001486
0.001479
0.001554
0.001532
0.001498
0.001543
0.001463
0.001456
0.001509
0.001469
0.001497
0.001451
0.001459
0.001445
0.001461
0.001470
0.001593
0.001510
0.001509
0.001507
0.001625
0.001716
0.001663
0.001786
0.002585
0.001725
0.002773
0.001802
0.001671
0.001639
0.001640
0.001650
0.001772
0.002161
0.001761
0.001786
0.001635
0.001580
0.001636
0.001577
0.001515
0.001554
0.001479
0.001565
0.001544
0.001556
0.001466
0.001476
0.001469
0.001468
0.001460
0.001547
0.001528
0.001522
0.001612
0.001519
0.001584
0.001588
0.001578
0.001557
0.001804
0.001762
0.001653
0.002744
0.001743
0.002026
0.002518
0.001815
0.001698
0.001574
0.001547
0.001572
0.001589
0.001581
0.001628
0.001665
0.001624
0.001634
0.001605
0.001579
0.001599
0.001593
0.001548
0.001543
0.001583
0.001566
0.001592
0.001562
0.001570
0.001535
0.001584
0.001470
0.001637
0.001579
0.001539
0.001534
0.001565
0.001548
0.001515
0.001716
0.001831
0.001725
0.002112
0.001984
0.001557
0.001634
0.002329
0.001681
0.001626
0.001592
0.001590
0.001856
0.001657
0.001578
0.001638
0.001845
0.001701
0.001618
0.001632
0.001600
0.001627
0.002191
0.001703
0.001625
0.001603
0.001606
0.001542
0.001541
0.001554
0.001525
0.001702
0.001638
0.001580
0.001568
0.001531
0.001593
0.001601
0.001546
0.001618
0.001563
0.001950
0.001799
0.001740
0.002592
0.001602
0.002514
0.001740
0.001798
0.001594
0.001576
0.001596
0.001607
0.001614
0.001617
0.001584
0.001602
0.001593
0.001688
0.001940
0.001817
0.001729
0.002548
0.001638
0.001657
0.002366
0.001820
0.001681
0.001614
0.001586
0.001607
0.001603
0.001605
0.001622
0.001571
0.001760
0.001739
0.001843
0.001783
0.001778
0.002767
0.001809
0.001671
0.001647
0.002539
0.001747
0.001718
0.001621
0.001589
0.001597
0.001574
0.001576
0.001664
0.001982
0.001910
0.001903
0.001718
0.001756
0.001762
0.001685
0.001629
0.001658
