0.000181
0.000192
0.000211
0.000219
0.000265
0.000368
0.000312
0.000410
0.000342
0.000694
0.000814
0.000442
0.000362
0.000345
0.000446
0.000334
0.000310
0.000317
0.000344
0.000301
0.000335
0.000361
0.000314
0.000304
0.000333
0.000333
0.000320
0.000333
0.000749
0.000582
0.000726
0.000444
0.000408
0.000406
0.000448
0.000573
0.000472
0.000504
0.000470
0.000500
0.000583
0.000539
0.001090
0.000358
0.000507
0.000618
0.000752
0.000750
0.000585
0.000455
0.000387
0.000477
0.000386
0.000369
0.000344
0.000339
0.000352
0.000327
0.000332
0.000424
0.000373
0.000699
0.000395
0.000530
0.000437
0.000438
0.000404
0.000409
0.000387
0.000397
0.000378
0.000380
0.000365
0.000379
0.000366
0.000392
0.000359
0.000390
0.000390
0.000368
0.000386
0.000366
0.000396
0.000381
0.000372
0.000367
0.000372
0.000373
0.000382
0.000373
0.000389
0.000396
0.000382
0.000397
0.000372
0.000352
0.000387
0.000367
0.000385
0.000411
0.000377
0.000392
0.000373
0.000450
0.000623
0.000680
0.000426
0.000614
0.000424
0.000410
0.000404
0.000399
0.000446
0.000408
0.000405
0.000386
0.000401
0.000417
0.000383
0.000473
0.000439
0.000452
0.000627
0.000579
0.000571
0.000460
0.000446
0.000440
0.000420
0.000428
0.000414
0.000423
0.000424
0.000424
0.000414
0.000397
0.000422
0.000430
0.000444
0.000431
0.000467
0.000588
0.000838
0.000645
0.000555
0.000463
0.000435
0.000463
0.000444
0.000432
0.000539
0.000466
0.001140
0.000469
0.000456
0.000603
0.000611
0.000641
0.000832
0.000759
0.001294
0.000553
0.000503
0.000520
0.000495
0.000526
0.000470
0.000666
0.000708
0.000580
0.000534
0.000522
0.000607
0.000740
0.000525
0.000594
0.001317
0.000620
0.000582
0.000785
0.000898
0.000676
0.000469
0.000488
0.000450
0.000456
0.000441
0.000494
0.000469
0.000440
0.000479
0.000454
0.000472
0.000451
0.000475
0.000440
0.000491
0.000442
0.000463
0.000459
0.000459
0.000450
0.000441
0.000464
0.000454
0.000535
0.000451
0.000594
0.000471
0.000614
0.000538
0.000483
0.000555
0.000500
0.000513
0.000486
0.000494
0.000467
0.000493
0.000473
0.000450
0.000484
0.000469
0.000479
0.000459
0.000470
0.000456
0.000483
0.000448
0.000490
0.000499
0.000505
0.000471
0.000500
0.000453
0.000475
0.000466
0.000488
0.000500
0.000475
0.000526
0.000467
0.000596
0.000484
0.000473
0.000465
0.000483
0.000453
0.000510
0.000470
0.000508
0.000482
0.000502
0.000509
0.000501
0.000474
0.000482
0.000586
0.000496
0.000483
0.000494
0.000473
0.000507
0.000474
0.000581
0.000710
0.000726
0.000633
0.000643
0.000632
0.000722
0.000753
0.000714
0.000825
0.000830
0.000658
0.000643
0.000757
0.000990
0.000847
0.000592
0.000554
0.000585
0.000522
0.000603
0.000689
0.000577
0.000606
0.000835
0.000771
0.000619
0.000717
0.000615
0.000795
0.000646
0.000642
0.000673
0.000553
0.000514
0.000595
0.000714
0.000649
0.000598
0.000529
0.000542
0.000543
0.000525
0.000493
0.000532
0.000493
0.000978
0.000536
0.000510
0.000513
0.000493
0.000515
0.000517
0.000512
0.000506
0.000644
0.000613
0.000616
0.000543
0.000528
0.000530
0.000522
0.000521
0.000486
0.000520
0.000525
0.000493
0.000506
0.000486
0.000482
0.000522
0.000502
0.000486
0.000506
0.000503
0.000505
0.000500
0.000516
0.000511
0.000519
0.000516
0.000545
0.000505
0.000567
0.000569
0.000613
0.000513
0.000571
0.000512
0.000524
0.000506
0.000516
0.000575
0.000504
0.000521
0.000505
0.000521
0.000511
0.000522
0.000524
0.000526
0.000507
0.000516
0.000508
0.000509
0.000507
0.000516
0.000495
0.000522
0.000490
0.000513
0.000545
0.000528
0.000499
0.000514
0.000547
0.000548
0.000754
0.000737
0.000690
0.000974
0.000809
0.000669
0.000964
0.000578
0.000696
0.001260
0.001128
0.001243
0.000627
0.000741
0.000693
0.000656
0.000648
0.000637
0.000639
0.000838
0.001149
0.000738
0.000665
0.000647
0.000655
0.000614
0.000592
0.000575
0.000630
0.000679
0.000714
0.000571
0.000573
0.000580
0.000614
0.000594
0.000569
0.000625
0.000617
0.000611
0.000641
0.000597
0.000690
0.000646
0.000617
0.000730
0.000743
0.000639
0.000607
0.000587
0.000570
0.000578
0.000857
0.000841
0.000588
0.000573
0.000546
0.000580
0.000556
0.000561
0.000684
0.000549
0.000564
0.001009
0.000555
0.000555
0.000544
0.000554
0.000560
0.000586
0.000631
0.000694
0.000934
0.000932
0.000788
0.000787
0.000625
0.000714
0.000645
0.000628
0.000651
0.000602
0.000565
0.000662
0.000663
0.000669
0.000666
0.000585
0.000615
0.000599
0.000594
0.000581
0.000593
0.000671
0.000591
0.000548
0.000553
0.000585
0.000699
0.000745
0.000702
0.000683
0.000640
0.000589
0.000637
0.000716
0.000856
0.000735
0.001022
0.000992
0.001082
0.000928
0.000708
0.000723
0.000828
0.000929
0.000720
0.000750
0.000966
0.000885
0.000773
0.000718
0.000686
0.000628
0.000627
0.000589
0.000808
0.000820
0.000732
0.000611
0.000647
0.000606
0.000592
0.000602
0.000559
0.000578
0.000569
0.000573
0.000632
0.000613
0.000623
0.000549
0.000614
0.000637
0.000586
0.000589
0.000633
0.000589
0.000626
0.000605
0.000609
0.000645
0.000632
0.000603
0.000576
0.000585
0.000583
0.000587
0.000590
0.000616
0.000602
0.000596
0.000571
0.000578
0.000576
0.000642
0.000573
0.000568
0.000572
0.000542
0.000559
0.000553
0.000582
0.000554
0.000670
0.000619
0.000593
0.000628
0.000600
0.000585
0.000598
0.000573
0.000595
0.000592
0.000566
0.000592
0.000595
0.000629
0.000597
0.000593
0.000828
0.000624
0.000576
0.000614
0.000589
0.000576
0.000566
0.000577
0.001081
0.000594
0.000699
0.000755
0.000647
0.000622
0.000650
0.000678
0.000864
0.000770
0.000712
0.001106
0.001129
0.001017
0.000902
0.000681
0.000660
0.000657
0.000715
0.000689
0.000757
0.000965
0.000887
0.000931
0.000856
0.000849
0.000737
0.000694
0.000636
0.000870
0.000833
0.000671
0.000672
0.000662
0.000602
0.000940
0.000685
0.000652
0.000628
0.000631
0.000603
0.000632
0.000593
0.000585
0.000608
0.000646
0.000590
0.000645
0.000609
0.000634
0.000625
0.000616
0.000622
0.000616
0.000615
0.000599
0.000598
0.000595
0.000631
0.000615
0.000603
0.000574
0.000611
0.000596
0.000590
0.000610
0.000587
0.000626
0.000611
0.000593
0.000613
0.000600
0.000637
0.000794
0.000634
0.000615
0.000623
0.000608
0.000605
0.000610
0.000618
0.000614
0.000585
0.000676
0.000648
0.000699
0.000665
0.000647
0.000634
0.000616
0.000617
0.000604
0.000614
0.000595
0.000630
0.000644
0.000639
0.000606
0.000625
0.000733
0.000696
0.000713
0.000809
0.000899
0.000851
0.000769
0.001285
0.000845
0.001577
0.001741
0.000866
0.000780
0.000740
0.000707
0.000743
0.000765
0.001082
0.001375
0.000888
0.000777
0.000854
0.000754
0.000698
0.000673
0.000888
0.000872
0.000735
0.000815
0.000686
0.000668
0.000672
0.000707
0.000687
0.000686
0.000658
0.001149
0.000673
0.000669
0.000675
0.000695
0.000672
0.000646
0.000652
0.000663
0.000630
0.000663
0.000816
0.000785
0.000647
0.000671
0.000687
0.000647
0.000669
0.000650
0.000616
0.000642
0.000635
0.000628
0.000606
0.000599
0.000655
0.000681
0.000615
0.000730
0.000653
0.000701
0.000749
0.000733
0.000704
0.000653
0.000704
0.000646
0.000639
0.000646
0.000633
0.000666
0.000680
0.000737
0.000732
0.000664
0.000669
0.000649
0.000663
0.000660
0.000639
0.000644
0.000637
0.000627
0.000662
0.000715
0.000752
0.000713
0.000744
0.000688
0.001406
0.001166
0.000709
0.000969
0.001284
0.001204
0.000846
0.000799
0.000885
0.000806
0.000758
0.000792
0.001090
0.000841
0.000934
0.000891
0.000824
0.000768
0.000727
0.000741
0.000935
0.000870
0.000697
0.000692
0.000776
0.000673
0.000668
0.000652
0.000642
0.000627
0.000636
0.000620
0.000663
0.000713
0.000645
0.000714
0.000655
0.000637
0.000761
0.000718
0.000724
0.000691
0.000700
0.000716
0.000704
0.000650
0.000682
0.000632
0.000667
0.000741
0.000693
0.000649
0.000668
0.000644
0.000653
0.000647
0.000627
0.000626
0.000639
0.000618
0.000669
0.000880
0.000692
0.000668
0.000775
0.000672
0.000666
0.000664
0.000663
0.000643
0.000673
0.000670
0.000664
0.000709
0.000677
0.000666
0.001468
0.000788
0.000793
0.000792
0.000721
0.000752
0.001289
0.001023
0.000936
0.000798
0.000795
0.000855
0.000785
0.002809
0.000820
0.001022
0.001272
0.001124
0.000835
0.000897
0.000827
0.000941
0.000951
0.001392
0.001125
0.001015
0.001086
0.000886
0.000818
0.000768
0.000798
0.001034
0.000955
0.000710
0.000738
0.000734
0.000735
0.000695
0.000670
0.000706
0.000707
0.000747
0.000733
0.000733
0.000684
0.000706
0.000707
0.000673
0.000725
0.000693
0.000643
0.000663
0.000681
0.000636
0.000672
0.000676
0.000687
0.000699
0.000669
0.000656
0.000758
0.001035
0.000897
0.000787
0.000837
0.000838
0.000709
0.000701
0.000705
0.000663
0.000708
0.000710
0.000653
0.000686
0.000680
0.000631
0.000681
0.000689
0.000652
0.000674
0.000652
0.000623
0.000703
0.001420
0.000706
0.000659
0.000713
0.000749
0.000855
0.001116
0.000793
0.000815
0.000785
0.001315
0.000849
0.001133
0.001743
0.001388
0.000890
0.001160
0.001065
0.001233
0.001441
0.001275
0.001459
0.001118
0.000904
0.000802
0.000772
0.000945
0.000952
0.000765
0.000721
0.000732
0.000762
0.000771
0.000708
0.000676
0.000694
0.000703
0.000676
0.000684
0.000895
0.000737
0.000706
0.000724
0.000697
0.000709
0.000700
0.000694
0.000698
0.000718
0.000710
0.000688
0.001245
0.000713
0.000677
0.000728
0.000694
0.000683
0.000652
0.000700
0.000677
0.000671
0.000700
0.000749
0.000753
0.000734
0.000713
0.000715
0.000701
