0.000535
0.001031
0.001309
0.001591
0.001879
0.002093
0.002319
0.002552
0.002757
0.002910
0.003135
0.003621
0.003502
0.003882
0.003870
0.003959
0.004031
0.004176
0.004284
0.004567
0.004646
0.004758
0.004892
0.004957
0.005268
0.005311
0.005340
0.005458
0.006090
0.005780
0.005808
0.005899
0.006027
0.006049
0.006201
0.006432
0.006435
0.006543
0.007180
0.006705
0.006759
0.006914
0.007044
0.007039
0.007089
0.007294
0.007357
0.007722
0.007854
0.007577
0.007671
0.007787
0.007785
0.007998
0.008172
0.009005
0.008627
0.008241
0.008384
0.008393
0.008445
0.008612
0.008855
0.009054
0.009450
0.009017
0.009188
0.009104
0.009303
0.009504
0.009839
0.009798
0.009654
0.009814
0.010006
0.009929
0.010089
0.010283
0.010441
0.010263
0.010529
0.011395
0.010612
0.011333
0.011065
0.010702
0.011251
0.011509
0.011171
0.011075
0.011368
0.011333
0.011706
0.011641
0.011535
0.011756
0.011769
0.012038
0.012644
0.012151
0.011990
0.012143
0.012392
0.014504
0.013991
0.014314
0.013480
0.013813
0.013484
0.013089
0.014683
0.014594
0.014010
0.014478
0.013112
0.013398
0.013505
0.013625
0.014291
0.014146
0.014414
0.013589
0.014443
0.014605
0.014176
0.014367
0.014374
0.015349
0.015576
0.014534
0.014474
0.015209
0.015373
0.015037
0.014964
0.015609
0.016013
0.015382
0.015546
0.015141
0.016457
0.015639
0.015632
0.015849
0.016334
0.016517
0.016002
0.016093
0.016842
0.016671
0.016451
0.016621
0.017001
0.017095
0.016749
0.016969
0.017445
0.017205
0.017010
0.016900
0.018041
0.017043
0.017493
0.017057
0.018437
0.017535
0.018434
0.017516
0.018339
0.017817
0.017843
0.018378
0.018306
0.018356
0.018087
0.019015
0.018661
0.018383
0.018777
0.019358
0.018990
0.018807
0.019529
0.019138
0.021055
0.020359
0.026668
0.021787
0.019470
0.019771
0.019602
0.019732
0.020055
0.020006
0.019693
0.020897
0.020535
0.020650
0.021068
0.019966
0.019923
0.020535
0.021007
0.021582
0.022308
0.022564
0.025585
0.028819
0.025804
0.023243
0.022196
0.021280
0.021301
0.022256
0.044385
0.044640
0.028781
0.026146
0.021761
0.021413
0.022686
0.021756
0.022007
0.022795
0.022654
0.023494
0.022632
0.021769
0.022435
0.023151
0.022695
0.022930
0.022696
0.022822
0.023179
0.023233
0.022673
0.023209
0.023095
0.023839
0.023396
0.024154
0.022909
0.024524
0.022895
0.023262
0.023481
0.023884
0.023120
0.024040
0.023799
0.024174
0.023880
0.023967
0.023734
0.024614
0.024317
0.024907
0.024503
0.025202
0.026724
0.024904
0.026229
0.030524
0.024810
0.026203
0.025296
0.027040
0.026584
0.031062
0.027779
0.025432
0.026838
0.025950
0.026005
0.026112
0.025193
0.025831
0.025824
0.025717
0.027397
0.025820
0.028782
0.025911
0.025973
0.027459
0.026202
0.027585
0.026481
0.026883
0.026776
0.026619
0.027633
0.026760
0.029118
0.027685
0.026793
0.043336
0.029992
0.028285
0.026755
0.027865
0.026671
0.027975
0.029784
0.029988
0.030096
0.029058
0.028232
0.028784
0.027556
0.028241
0.027252
0.028437
0.028693
0.030480
0.030407
0.031554
0.032156
0.031417
0.028998
0.029409
0.028880
0.029591
0.028391
0.027795
0.028861
0.028248
0.028699
0.029636
0.028218
0.029275
0.028932
0.030604
0.030899
0.030954
0.032172
0.030186
0.030201
0.028935
0.029418
0.028981
0.029671
0.029324
0.030153
0.029177
0.029310
0.032624
0.032190
0.031246
0.031499
0.030698
0.030107
0.031244
0.030516
0.031639
0.032235
0.033026
0.033001
0.033385
0.031584
0.031145
0.034141
0.032859
0.033392
0.032495
0.030491
0.030827
0.030548
0.031015
0.031662
0.031380
0.031710
0.031182
0.032416
0.030864
0.031246
0.031972
0.036487
0.033573
0.034614
0.034347
0.033515
0.031768
0.032597
0.031586
0.032490
0.031517
0.032772
0.031683
0.032296
0.031829
0.032203
0.033088
0.032687
0.031723
0.032220
0.031937
0.032675
0.032473
0.033475
0.032521
0.033182
0.032734
0.032867
0.035336
0.035124
0.036454
0.039921
0.040335
0.034648
0.032653
0.034290
0.033282
0.033513
0.032391
0.033655
0.032634
0.033684
0.036070
0.035599
0.036766
0.034489
0.033650
0.034375
0.034602
0.034298
0.034901
0.033769
0.034260
0.033593
0.034603
0.034161
0.034690
0.033381
0.034362
0.035675
0.035305
0.036856
0.035372
0.034023
0.034997
0.034221
0.035571
0.035162
0.035254
0.035740
0.034994
0.036648
0.035095
0.036523
0.034836
0.037438
0.034791
0.036485
0.035400
0.035963
0.035715
0.036699
0.035920
0.035778
0.036636
0.035408
0.036086
0.035759
0.036893
0.035739
0.036360
0.036204
0.036535
0.035623
0.035874
0.035709
0.037005
0.036977
0.036243
0.037000
0.037035
0.037243
0.037003
0.037706
0.037118
0.037449
0.037248
0.036614
0.037379
0.037460
0.037826
0.036789
0.038640
0.037734
0.037557
0.038649
0.037562
0.038208
0.038033
0.037961
0.037694
0.036918
0.038612
0.037143
0.039015
0.037968
0.039596
0.039594
0.038538
0.038912
0.038721
0.039789
0.039298
0.037468
0.038801
0.038076
0.039910
0.040822
0.039638
0.039615
0.037996
0.038784
0.038771
0.039920
0.040074
0.038659
0.039559
0.039443
0.040191
0.040231
0.040233
0.039568
0.039396
0.040080
0.040760
0.039657
0.040216
0.039726
0.040788
0.041502
0.040538
0.041678
0.041025
0.040587
0.042095
0.039626
0.041457
0.040739
0.041167
0.041802
0.040966
0.041696
0.042931
0.040122
0.041721
0.041360
0.040818
0.042271
0.042172
0.042199
0.041961
0.040868
0.041904
0.041444
0.041301
0.043087
0.041963
0.041825
0.042784
0.042041
0.042661
0.041680
0.041852
0.042708
0.042323
0.042620
0.042222
0.042808
0.044624
0.042714
0.041731
0.043210
0.043331
0.043300
0.047448
0.052631
0.052273
0.046134
0.045958
0.043391
0.042910
0.043617
0.043324
0.045808
0.044095
0.042686
0.043617
0.044404
0.044505
0.043973
0.044950
0.043547
0.045176
0.044737
0.043547
0.045094
0.045529
0.044502
0.045315
0.045157
0.044747
0.045533
0.045987
0.044886
0.043955
0.045363
0.045315
0.044860
0.045513
0.047979
0.050468
0.046421
0.045990
0.044351
0.045817
0.046264
0.049386
0.048258
0.047776
0.046037
0.046048
0.047060
0.050347
0.056508
0.051622
0.045801
0.046399
0.046249
0.047118
0.047028
0.047215
0.047885
0.046930
0.048192
0.046720
0.046195
0.047273
0.047191
0.045548
0.047544
0.047394
0.046534
0.046873
0.046589
0.049201
0.047347
0.048135
0.047457
0.047010
0.046280
0.050290
0.046943
0.046031
0.047794
0.048566
0.047963
0.047689
0.048899
0.048473
0.048636
0.048592
0.047562
0.047480
0.048076
0.049464
0.049317
0.048971
0.063246
0.054161
0.051026
0.048823
0.049394
0.048043
0.048415
0.049429
0.050272
0.052778
0.050277
0.049485
0.049831
0.048523
0.052254
0.049826
0.049746
0.048761
0.050934
0.049557
0.049402
0.049515
0.050331
0.050152
0.049844
0.050634
0.050259
0.051191
0.050232
0.050573
0.050345
0.050645
0.050278
0.049745
0.051751
0.050081
0.049398
0.049937
0.052044
0.051623
0.050736
0.050233
0.051724
0.051446
0.051607
0.051523
0.051223
0.052096
0.052275
0.051540
0.052051
0.052250
0.051681
0.051362
0.052016
0.052037
0.051685
0.051899
0.051734
0.051943
0.062277
0.063528
0.054834
0.052764
0.052435
0.050578
0.052685
0.052421
0.052678
0.052395
0.052763
0.052894
0.053875
0.054143
0.052776
0.052434
0.053100
0.054656
0.053525
0.052310
0.052325
0.053795
0.054504
0.053342
0.053070
0.053380
0.053734
0.054651
0.052977
0.052521
0.054358
0.054344
0.054537
0.053954
0.053382
0.053720
0.053366
0.055190
0.054954
0.054531
0.054826
0.052715
0.054916
0.054488
0.054565
0.054715
0.054622
0.055555
0.054332
0.055276
0.056003
0.054721
0.055562
0.054748
0.056365
0.055686
0.055036
0.055478
0.053298
0.056426
0.056889
0.056165
0.055437
0.055092
0.055161
0.055434
0.056087
0.056467
0.055677
0.055484
0.057052
0.056652
0.056917
0.056124
0.056794
0.055778
0.056173
0.056370
0.057121
0.056834
0.056924
0.055903
0.056587
0.056268
0.056788
0.057065
0.056721
0.060847
0.059992
0.058515
0.056632
0.059993
0.062262
0.058139
0.057945
0.056563
0.058628
0.058807
0.057625
0.057784
0.058396
0.057810
0.057940
0.057406
0.060653
0.058304
0.057516
0.057354
0.058067
0.058234
0.058169
0.058394
0.057572
0.058019
0.057805
0.057623
0.058177
0.059682
0.058712
0.059953
0.059376
0.061434
0.074382
0.070388
0.058509
0.067326
0.069562
0.072648
0.062598
0.060802
0.059467
0.058116
0.058913
0.061322
0.059695
0.060016
0.060972
0.062247
0.060744
0.059657
0.060744
0.060728
0.059565
0.058812
0.060950
0.059265
0.061189
0.063849
0.065230
0.061811
0.060215
0.061587
0.061885
0.059718
0.061286
0.061122
0.060515
0.061893
0.059637
0.060433
0.060948
0.061309
0.060706
0.061186
0.060437
0.061268
0.061724
0.062032
0.060834
0.062015
0.061110
0.061541
0.069103
0.062309
0.062492
0.061122
0.061792
0.061900
0.062062
0.067117
0.064437
0.062173
0.062475
0.066033
0.063892
0.061720
0.062140
0.063855
0.062564
0.063498
0.062637
0.063557
0.062800
0.061929
0.061938
0.062413
0.061892
0.062801
0.062605
0.063964
0.062817
0.062225
0.062668
0.064785
0.064693
0.063979
0.063476
0.063479
0.063697
0.065077
0.063200
0.064145
0.065023
0.063910
0.063120
0.064405
0.065185
0.063863
0.062581
0.064621
0.063463
0.064776
0.064122
0.064656
0.063957
0.064050
0.063308
0.063780
0.063742
0.063880
0.064993
0.064525
0.065016
0.063793
0.064957
0.065148
0.063014
0.063555
0.065687
0.064246
0.063592
0.064559
0.063285
0.064219
0.062711
0.064513
0.066400
0.065988
0.065671
0.066449
0.066935
0.067606
0.066382
0.065268
0.065526
0.072645
0.072351
0.066412
0.066839
0.065590
0.067689
0.066631
0.066023
0.067704
0.065310
0.065578
