0.000772
0.000669
0.000627
0.000625
0.000588
0.000633
0.000650
0.000680
0.000711
0.000726
0.000670
0.001286
0.000673
0.000809
0.000778
0.000787
0.000813
0.000794
0.000807
0.000777
0.000785
0.001287
0.000850
0.000755
0.000745
0.000739
0.000768
0.000717
0.000748
0.000812
0.000753
0.001559
0.000743
0.000785
0.000755
0.000780
0.000790
0.000872
0.001046
0.001307
0.000841
0.000823
0.000807
0.000798
0.000802
0.000783
0.000828
0.000883
0.000837
0.000825
0.000865
0.000815
0.000776
0.000834
0.000843
0.000871
0.000879
0.000811
0.000837
0.000847
0.000902
0.000893
0.000854
0.000821
0.001032
0.000816
0.000843
0.000831
0.000895
0.000877
0.000894
0.000885
0.000932
0.000910
0.000902
0.000888
0.000813
0.000836
0.000896
0.000851
0.000887
0.000901
0.000800
0.000895
0.000990
0.000918
0.000920
0.000881
0.000900
0.001058
0.001051
0.001052
0.000970
0.001009
0.000976
0.001789
0.001327
0.000944
0.001069
0.000987
0.001116
0.001006
0.000986
0.000900
0.001083
0.001008
0.000948
0.000943
0.001019
0.000939
0.001721
0.000993
0.001042
0.000962
0.000933
0.000909
0.000937
0.000917
0.000921
0.000912
0.000942
0.000969
0.000978
0.000950
0.000988
0.000953
0.000986
0.000954
0.001002
0.001045
0.000981
0.000981
0.000965
0.000970
0.001001
0.000976
0.000955
0.000947
0.000974
0.000998
0.000996
0.000978
0.000972
0.000975
0.001044
0.001158
0.001123
0.001113
0.001165
0.001136
0.001154
0.001183
0.001145
0.001121
0.001201
0.001246
0.001229
0.001229
0.001524
0.001443
0.001073
0.001004
0.001040
0.001036
0.000962
0.001060
0.001684
0.001040
0.001027
0.001046
0.000986
0.001030
0.001245
0.001605
0.001050
0.001061
0.001066
0.001030
0.001049
0.001060
0.000995
0.001058
0.001026
0.000986
0.000973
0.001134
0.001016
0.001121
0.001057
0.001052
0.001069
0.001029
0.001078
0.001064
0.001053
0.001054
0.001036
0.001037
0.001077
0.001055
0.001250
0.001170
0.001115
0.001110
0.001205
0.001058
0.001077
0.001036
0.001059
0.001062
0.001017
0.001049
0.001072
0.001051
0.001205
0.001447
0.001111
0.001211
0.001183
0.002017
0.001449
0.001997
0.001342
0.001104
0.001067
0.001112
0.001186
0.001256
0.001335
0.001718
0.002454
0.003207
0.003242
0.002543
0.002233
0.002599
0.002325
0.002818
0.003022
0.003805
0.003425
0.004733
0.003725
0.003389
0.002478
0.001960
0.003900
0.001178
0.001151
0.001202
0.001242
0.001176
0.001089
0.001163
0.001105
0.001077
0.001047
0.001046
0.001111
0.001083
0.001934
0.001251
0.001101
0.001055
0.001094
0.001036
0.001223
0.001058
0.001058
0.001105
0.001092
0.001092
0.001065
0.001104
0.001115
0.001262
0.001320
0.001192
0.001084
0.001134
0.001121
0.001063
0.001141
0.001077
0.001068
0.001106
0.001134
0.001099
0.001190
0.001098
0.001067
0.001029
0.001025
0.001122
0.001277
0.001283
0.001312
0.001236
0.001134
0.001212
0.001562
0.001184
0.001174
0.001286
0.001800
0.001318
0.001354
0.001326
0.001364
0.001365
0.001547
0.001711
0.001797
0.001737
0.002469
0.001650
0.001841
0.001776
0.001777
0.001830
0.001993
0.001362
0.001469
0.002152
0.002280
0.001337
0.001510
0.001208
0.001204
0.001473
0.001732
0.001249
0.001335
0.001436
0.002409
0.001441
0.001345
0.001496
0.001416
0.001460
0.001454
0.001575
0.001768
0.001604
0.001515
0.002022
0.002065
0.001495
0.001522
0.001432
0.001435
0.001424
0.001558
0.001780
0.001746
0.002285
0.001464
0.001451
0.001485
0.001649
0.001314
0.001377
0.001349
0.001748
0.001644
0.001617
0.001549
0.001355
0.001347
0.001355
0.001484
0.001806
0.001700
0.001798
0.001554
0.001222
0.001213
0.001273
0.001161
0.001222
0.001210
0.001293
0.001488
0.001567
0.001643
0.001734
0.001610
0.001329
0.001823
0.001591
0.001180
0.001235
0.001157
0.001149
0.001200
0.001285
0.001191
0.001179
0.001156
0.001216
0.001176
0.001888
0.001433
0.001258
0.001224
0.001202
0.001110
0.001283
0.001139
0.001135
0.001190
0.001361
0.001317
0.001267
0.001274
0.001943
0.001396
0.001211
0.001209
0.001361
0.001614
0.001518
0.001244
0.001172
0.001197
0.001516
0.002291
0.001298
0.001256
0.001259
0.001476
0.001261
0.001246
0.001236
0.001418
0.001459
0.001399
0.001486
0.001876
0.001685
0.001222
0.001419
0.001381
0.001441
0.001344
0.001362
0.001350
0.001358
0.001305
0.001541
0.001751
0.001248
0.001272
0.001194
0.001249
0.001179
0.001181
0.001143
0.001313
0.001283
0.001373
0.001500
0.002639
0.001318
0.001532
0.001276
0.001411
0.001410
0.001293
0.001419
0.001269
0.001386
0.001567
0.002873
0.001680
0.001351
0.001235
0.001252
0.001237
0.001178
0.001224
0.001288
0.001413
0.001326
0.001325
0.001944
0.001430
0.001285
0.001188
0.001233
0.001215
0.001202
0.001166
0.001253
0.001211
0.001194
0.001194
0.001545
0.001729
0.001303
0.001222
0.001226
0.001556
0.001254
0.001214
0.001482
0.001476
0.001284
0.001343
0.002078
0.001473
0.001290
0.001225
0.001224
0.001209
0.001222
0.001182
0.001176
0.001252
0.001202
0.001184
0.001253
0.001926
0.001426
0.001250
0.001227
0.001183
0.001227
0.001208
0.001152
0.001289
0.001422
0.001358
0.001406
0.001976
0.001734
0.001307
0.001305
0.001217
0.001256
0.001247
0.001217
0.001223
0.001236
0.001199
0.001256
0.001196
0.001853
0.001387
0.001280
0.001250
0.001221
0.001198
0.001211
0.001185
0.001344
0.001414
0.001472
0.001305
0.002203
0.001275
0.001236
0.001271
0.001224
0.001237
0.001247
0.001237
0.001173
0.001195
0.001181
0.001211
0.001223
0.001527
0.001678
0.001233
0.001268
0.001277
0.001339
0.001410
0.001262
0.001793
0.001564
0.001451
0.001637
0.002314
0.001418
0.001298
0.001232
0.001255
0.001255
0.001264
0.001237
0.001304
0.001355
0.001370
0.001297
0.001990
0.001299
0.001296
0.001253
0.001271
0.001231
0.001293
0.001362
0.001348
0.001278
0.001310
0.001333
0.001343
0.001243
0.001248
0.001279
0.001341
0.001288
0.001448
0.001347
0.001312
0.001307
0.001289
0.001264
0.001307
0.001276
0.001237
0.001248
0.001276
0.001257
0.001272
0.001285
0.001263
0.001366
0.001448
0.001463
0.001325
0.001921
0.001482
0.001225
0.001432
0.001956
0.001327
0.001273
0.001257
0.001273
0.001223
0.001279
0.001361
0.001890
0.001556
0.001344
0.001328
0.001271
0.001385
0.001362
0.001273
0.001290
0.001352
0.001369
0.001426
0.001398
0.001636
0.002184
0.001279
0.001210
0.001303
0.001296
0.001239
0.001235
0.001297
0.001321
0.001265
0.002110
0.001332
0.001343
0.001321
0.001312
0.001262
0.001260
0.001258
0.001457
0.001465
0.001408
0.001396
0.002492
0.001345
0.001341
0.001274
0.001301
0.001289
0.001334
0.001266
0.001290
0.001212
0.001274
0.001348
0.002137
0.001384
0.001317
0.001264
0.001262
0.001258
0.001272
0.001346
0.001384
0.001452
0.001476
0.001632
0.001943
0.001243
0.001332
0.001317
0.001340
0.001249
0.001292
0.001280
0.001301
0.001348
0.001342
0.001531
0.001998
0.001326
0.001346
0.001300
0.001291
0.001241
0.001273
0.001279
0.001425
0.001449
0.001408
0.001515
0.002261
0.001342
0.001303
0.001284
0.001270
0.001327
0.001227
0.001323
0.001231
0.001294
0.001224
0.001404
0.001950
0.001374
0.001313
0.001296
0.001232
0.001323
0.001246
0.001368
0.001454
0.001443
0.001450
0.001496
0.002331
0.001362
0.001683
0.001316
0.001292
0.001602
0.001502
0.001568
0.001443
0.001612
0.002213
0.001397
0.001322
0.001346
0.001303
0.001362
0.001309
0.001329
0.001378
0.001429
0.001503
0.001393
0.002077
0.001896
0.001415
0.001378
0.001359
0.001267
0.001336
0.001360
0.001248
0.001350
0.001305
0.002133
0.001431
0.001356
0.001339
0.001331
0.001290
0.001273
0.001342
0.001370
0.001458
0.001427
0.001424
0.002288
0.001557
0.001313
0.001394
0.001333
0.001373
0.001268
0.001322
0.001359
0.001340
0.001318
0.002024
0.001393
0.001345
0.001309
0.001367
0.001295
0.001271
0.001368
0.001536
0.001421
0.001420
0.001748
0.002147
0.001408
0.001397
0.001363
0.001337
0.001351
0.001297
0.001303
0.001305
0.001303
0.001311
0.001654
0.001861
0.001354
0.001367
0.001318
0.001287
0.001302
0.001286
0.001297
0.001444
0.001545
0.001475
0.001396
0.002280
0.001363
0.001401
0.001363
0.001335
0.001325
0.001277
0.001318
0.001352
0.001330
0.001402
0.002060
0.001428
0.001317
0.001332
0.001322
0.001235
0.001318
0.001326
0.001292
0.001329
0.001319
0.001339
0.001372
0.001305
0.001312
0.001303
0.001293
0.001276
0.001360
0.001344
0.001274
0.001290
0.001349
0.001326
0.001300
0.001302
0.001282
0.001295
0.001306
0.001290
0.001264
0.001313
0.001259
0.001727
0.001423
0.001431
0.001449
0.002574
0.001355
0.001324
0.001326
0.001289
0.001329
0.001311
0.001317
0.001262
0.001309
0.001392
0.002240
0.001457
0.001454
0.001351
0.001310
0.001309
0.001384
0.001416
0.001660
0.001663
0.001670
0.002330
0.001423
0.001335
0.001402
0.001372
0.001317
0.001341
0.001341
0.001294
0.001367
0.001305
0.001400
0.001994
0.001422
0.001394
0.001292
0.001335
0.001309
0.001298
0.001393
0.001348
0.001350
0.001440
0.001368
0.001440
0.001325
0.001321
0.001335
0.001309
0.001340
0.001334
0.001274
0.001334
0.001414
0.001435
0.001387
0.001402
0.001301
0.001323
0.001326
0.001318
0.001336
0.001351
0.001405
0.001530
0.001427
0.001491
0.002585
0.001456
0.001384
0.001376
0.001320
0.001311
0.001329
0.001345
0.001388
0.001338
0.001318
0.001318
0.002122
0.001493
0.001359
0.001374
0.001314
0.001322
0.001391
0.001447
0.001507
0.001536
0.001515
0.001442
0.002391
0.001443
0.001447
0.001423
0.001477
0.001409
0.001346
0.001376
0.001374
0.001386
0.001733
0.001789
0.001415
0.001440
