0.000313
0.000346
0.000352
0.000382
0.000451
0.000406
0.000427
0.000421
0.000407
0.000508
0.000458
0.000447
0.000443
0.000492
0.000440
0.000466
0.000508
0.000518
0.000457
0.000577
0.000533
0.000673
0.000601
0.000615
0.000831
0.000572
0.000707
0.000629
0.000652
0.000682
0.000750
0.000660
0.000667
0.000676
0.000656
0.000698
0.000695
0.000683
0.000662
0.000678
0.000680
0.000747
0.000708
0.000685
0.000711
0.000711
0.000702
0.000937
0.001100
0.000802
0.000783
0.000744
0.000798
0.000763
0.000788
0.000757
0.000774
0.000791
0.000782
0.000810
0.000772
0.000827
0.000763
0.000809
0.000797
0.000773
0.001058
0.000888
0.001083
0.001204
0.000854
0.000833
0.000868
0.000853
0.000851
0.000843
0.000884
0.000840
0.000856
0.000866
0.000867
0.000888
0.000947
0.000911
0.000901
0.000894
0.000802
0.000795
0.000742
0.000860
0.000687
0.000645
0.000673
0.000596
0.000748
0.000643
0.000619
0.000762
0.000736
0.000829
0.000791
0.000615
0.000599
0.000599
0.000697
0.000623
0.000638
0.000663
0.000621
0.000631
0.000847
0.000634
0.000643
0.000720
0.000629
0.000603
0.000619
0.000594
0.000591
0.000627
0.000776
0.000609
0.000618
0.000584
0.000607
0.000606
0.000591
0.000599
0.000590
0.000737
0.000601
0.000603
0.000620
0.001035
0.000613
0.000612
0.000661
0.000619
0.000596
0.000602
0.000568
0.000595
0.000581
0.000588
0.000594
0.000583
0.000592
0.000590
0.000598
0.000593
0.000569
0.000598
0.000603
0.000662
0.000599
0.000565
0.000585
0.000578
0.000578
0.000572
0.000582
0.000585
0.000575
0.000583
0.000576
0.000608
0.000623
0.000581
0.000585
0.000579
0.000587
0.000608
0.000587
0.000597
0.000628
0.000657
0.000591
0.000571
0.000606
0.000571
0.000695
0.000589
0.000580
0.000631
0.000609
0.000598
0.000589
0.000559
0.000585
0.000565
0.000596
0.000608
0.000869
0.000935
0.000931
0.000930
0.000946
0.000911
0.000728
0.000648
0.000583
0.000646
0.000611
0.000989
0.000934
0.000652
0.000591
0.000619
0.000653
0.000571
0.000605
0.000606
0.000616
0.000601
0.000634
0.000771
0.000625
0.000634
0.000615
0.000651
0.000587
0.000596
0.000574
0.000594
0.000644
0.000593
0.000621
0.000573
0.001317
0.000584
0.000598
0.000602
0.000585
0.000602
0.000578
0.000598
0.000590
0.000570
0.000579
0.000567
0.000585
0.000575
0.000582
0.000589
0.000580
0.000623
0.000589
0.000584
0.000625
0.000581
0.000603
0.000568
0.000587
0.000601
0.000643
0.000582
0.000570
0.000579
0.000564
0.000578
0.000581
0.001005
0.000567
0.000574
0.000581
0.000589
0.000591
0.000571
0.000617
0.000575
0.000592
0.000559
0.000583
0.000601
0.000574
0.000583
0.000566
0.000581
0.000600
0.000573
0.000683
0.000582
0.000606
0.000585
0.000586
0.000585
0.000572
0.000569
0.000566
0.000588
0.000582
0.000577
0.000567
0.000575
0.000605
0.000597
0.000569
0.000591
0.000604
0.000635
0.000589
0.000578
0.000596
0.000569
0.000598
0.000604
0.000657
0.000729
0.000631
0.000633
0.000627
0.000638
0.000726
0.000580
0.000599
0.000616
0.000613
0.000594
0.000591
0.000571
0.000611
0.000622
0.000602
0.000596
0.000600
0.000608
0.000642
0.000601
0.000608
0.000579
0.000591
0.000644
0.000596
0.000652
0.000598
0.000588
0.000601
0.000578
0.000586
0.000575
0.000592
0.000587
0.000580
0.000574
0.000582
0.000580
0.000577
0.000578
0.000606
0.000579
0.000585
0.000569
0.000611
0.000602
0.000577
0.000581
0.000577
0.000591
0.000681
0.000747
0.000604
0.000620
0.000576
0.000627
0.000624
0.000695
0.000661
0.000633
0.000599
0.000590
0.000589
0.000591
0.000599
0.000613
0.000598
0.000578
0.000618
0.000611
0.000605
0.000655
0.000606
0.000698
0.000611
0.000590
0.000746
0.000592
0.000608
0.000606
0.000584
0.000677
0.001004
0.000620
0.000580
0.000590
0.000573
0.000599
0.000611
0.000588
0.000587
0.000569
0.000584
0.000572
0.000584
0.000586
0.000585
0.000587
0.000603
0.000579
0.000593
0.000594
0.000635
0.000588
0.000604
0.000627
0.000680
0.000596
0.000643
0.000601
0.000649
0.000588
0.000737
0.000679
0.000571
0.000593
0.000586
0.000585
0.000599
0.000583
0.000619
0.000615
0.000625
0.000616
0.000606
0.001025
0.001029
0.001083
0.001011
0.000955
0.001104
0.001014
0.000648
0.000614
0.000578
0.000617
0.000845
0.000593
0.000584
0.000598
0.000595
0.000584
0.000586
0.000586
0.000579
0.000606
0.000593
0.000576
0.000604
0.000719
0.000626
0.000574
0.000587
0.000569
0.000578
0.000572
0.000588
0.000598
0.000567
0.000590
0.000580
0.000585
0.000591
0.000576
0.000589
0.000581
0.000619
0.000586
0.000595
0.000588
0.000575
0.000579
0.000587
0.000589
0.000580
0.000575
0.000635
0.000651
0.000568
0.000594
0.000579
0.000583
0.000600
0.000582
0.000576
0.000578
0.000587
0.000577
0.000596
0.000594
0.000579
0.000608
0.000578
0.000591
0.000565
0.000587
0.000588
0.000585
0.000592
0.000575
0.000597
0.000590
0.000592
0.000807
0.000716
0.000588
0.000614
0.000590
0.000574
0.000608
0.000586
0.001628
0.000652
0.000607
0.000831
0.000655
0.000723
0.000598
0.000608
0.000591
0.000589
0.000614
0.000579
0.000716
0.000621
0.000608
0.000847
0.000831
0.000671
0.000982
0.001051
0.001042
0.000988
0.000996
0.001128
0.000786
0.000582
0.000604
0.000579
0.000593
0.000597
0.000586
0.000594
0.000574
0.000584
0.000584
0.000594
0.000639
0.000610
0.000584
0.000670
0.000582
0.000595
0.000588
0.000592
0.000574
0.000589
0.000583
0.000591
0.000588
0.000590
0.000580
0.000617
0.000581
0.000588
0.000593
0.000581
0.000596
0.000585
0.000591
0.000578
0.000593
0.000581
0.000579
0.000705
0.000588
0.000576
0.000633
0.000599
0.000606
0.000604
0.000614
0.000586
0.000592
0.000597
0.000579
0.000590
0.000590
0.000594
0.000590
0.000576
0.000604
0.000635
0.000708
0.000605
0.000593
0.000581
0.000598
0.000582
0.000694
0.000605
0.000589
0.000594
0.000588
0.000599
0.000656
0.000688
0.000714
0.000625
0.000591
0.000648
0.000624
0.000594
0.000620
0.000624
0.000756
0.000607
0.000681
0.000701
0.000874
0.000705
0.000906
0.001308
0.000672
0.000640
0.000649
0.000623
0.000623
0.000674
0.000686
0.000751
0.000654
0.000710
0.000643
0.000689
0.000704
0.000920
0.000705
0.000725
0.000738
0.000738
0.001236
0.000706
0.000783
0.000719
0.000713
0.000703
0.000715
0.000714
0.000732
0.000696
0.000713
0.000694
0.000715
0.000732
0.000710
0.000696
0.000716
0.000736
0.000686
0.000687
0.000680
0.000694
0.000701
0.000677
0.000795
0.000679
0.000699
0.000750
0.000699
0.000664
0.000790
0.000697
0.000696
0.000666
0.000718
0.000703
0.000702
0.000703
0.000696
0.000682
0.000682
0.000687
0.000683
0.000699
0.000690
0.000693
0.000690
0.000744
0.000751
0.000684
0.000720
0.000746
0.000753
0.000687
0.000689
0.000681
0.000678
0.000702
0.000873
0.001198
0.001104
0.001085
0.001123
0.001125
0.001119
0.000686
0.000965
0.000780
0.000839
0.000881
0.000741
0.000618
0.000660
0.000718
0.000653
0.000664
0.000653
0.000757
0.000733
0.000745
0.000637
0.001269
0.000685
0.000745
0.000725
0.000722
0.000695
0.000915
0.000751
0.000751
0.000719
0.000810
0.000708
0.000705
0.000717
0.000706
0.000717
0.000716
0.000696
0.000710
0.000717
0.000741
0.000701
0.000702
0.000698
0.000706
0.000713
0.000707
0.000699
0.000826
0.000765
0.000720
0.000708
0.000711
0.000707
0.000725
0.000716
0.000712
0.000714
0.000707
0.000725
0.000718
0.000708
0.000769
0.000664
0.000646
0.000624
0.000635
0.000619
0.000636
0.001070
0.000796
0.000638
0.000629
0.000637
0.000631
0.000613
0.000636
0.000620
0.000643
0.000646
0.000619
0.000645
0.000627
0.000654
0.000639
0.000633
0.000618
0.000645
0.000658
0.000658
0.000650
0.000622
0.000632
0.000741
0.000711
0.000756
0.000770
0.000716
0.000738
0.000734
0.000690
0.000662
0.000657
0.000651
0.000633
0.000650
0.000647
0.000629
0.000708
0.000678
0.000619
0.000657
0.000631
0.000677
0.000639
0.000642
0.000634
0.000662
0.000827
0.000662
0.000772
0.000643
0.000647
0.000627
0.000654
0.000641
0.000637
0.000650
0.000646
0.000644
0.000651
0.000768
0.000658
0.000638
0.000620
0.000639
0.000690
0.000995
0.001026
0.001016
0.001012
0.001054
0.000951
0.000700
0.000673
0.000682
0.000655
0.000784
0.000697
0.000672
0.000638
0.000645
0.000651
0.000621
0.000661
0.000616
0.000634
0.000633
0.000634
0.000634
0.000632
0.000607
0.000608
0.000614
0.000748
0.000608
0.000603
0.000644
0.000632
0.000595
0.000615
0.000589
0.000619
0.000635
0.000673
0.000597
0.000601
0.000589
0.000602
0.000582
0.000614
0.000609
0.000584
0.000607
0.000594
0.000617
0.000598
0.000594
0.000596
0.000711
0.000642
0.000630
0.000605
0.000605
0.000620
0.000602
0.000605
0.000611
0.001011
0.000602
0.000615
0.000597
0.000627
0.000601
0.000599
0.000625
0.000594
0.000601
0.000605
0.000589
0.000602
0.000597
0.000597
0.000615
0.000597
0.000664
0.000592
0.000598
0.000602
0.000627
0.000619
0.000635
0.000718
0.000609
0.000596
0.000622
0.000622
0.000605
0.000598
0.000600
0.000628
0.000603
0.000605
0.000620
0.000600
0.000651
0.000610
0.000621
0.000604
0.000637
0.000619
0.000919
0.000611
0.000600
0.000600
0.000604
0.000625
0.000654
0.000633
0.000703
0.000726
0.000639
0.000720
0.000692
0.000600
0.000613
0.000612
0.000606
0.000617
0.000607
0.000600
0.000661
0.000654
0.000603
0.000613
0.000615
0.000993
0.000655
0.000675
0.000762
0.000618
0.000635
0.000626
0.000630
0.000615
0.000644
0.000609
0.000615
0.000634
0.000608
0.000600
0.000632
0.000633
0.000609
0.000624
0.000685
0.000606
0.000608
0.000590
0.000612
