0.000427
0.001199
0.001928
0.002805
0.003616
0.004299
0.005098
0.006026
0.004019
0.004219
0.005067
0.005991
0.004287
0.004181
0.005453
0.005543
0.004394
0.004111
0.004706
0.005366
0.004807
0.004072
0.004709
0.005496
0.004831
0.004022
0.004824
0.005306
0.005255
0.004036
0.004821
0.005395
0.005713
0.003799
0.004475
0.005316
0.005980
0.003697
0.004281
0.004769
0.005395
0.005178
0.003904
0.004396
0.004859
0.005607
0.004586
0.003930
0.004492
0.005289
0.005580
0.004477
0.003839
0.004460
0.005043
0.005459
0.005094
0.003796
0.004204
0.004591
0.005145
0.005831
0.004234
0.003988
0.004579
0.004777
0.005414
0.005600
0.004003
0.004316
0.004802
0.005004
0.005395
0.005467
0.003991
0.004298
0.004620
0.005468
0.005402
0.005830
0.003979
0.004208
0.004507
0.004855
0.005193
0.005507
0.004840
0.004078
0.004461
0.005033
0.005131
0.005625
0.005827
0.004130
0.004272
0.004533
0.004853
0.004993
0.005488
0.005938
0.004300
0.004305
0.004480
0.004983
0.005183
0.005590
0.005724
0.004634
0.004245
0.004534
0.004728
0.004975
0.005457
0.005614
0.005638
0.004327
0.004459
0.004691
0.004851
0.005177
0.005505
0.005645
0.005266
0.004436
0.004765
0.004856
0.005064
0.005375
0.005634
0.005756
0.004986
0.004322
0.004666
0.004858
0.005043
0.005658
0.005779
0.006194
0.004937
0.004383
0.004568
0.004963
0.005192
0.005130
0.005667
0.005882
0.005971
0.004647
0.004811
0.004655
0.005094
0.005000
0.005125
0.005469
0.005758
0.005951
0.004431
0.004557
0.004442
0.004755
0.004985
0.005365
0.005914
0.006115
0.005953
0.004100
0.004317
0.004402
0.004632
0.004825
0.005180
0.005284
0.005455
0.006097
0.005038
0.004727
0.004798
0.004712
0.004812
0.005221
0.005303
0.005542
0.006007
0.005430
0.004498
0.004475
0.004599
0.004734
0.005065
0.005091
0.005790
0.005684
0.005836
0.005418
0.004204
0.004393
0.004555
0.004758
0.004841
0.005178
0.005490
0.005863
0.006079
0.005098
0.004186
0.004279
0.004532
0.004809
0.004910
0.005140
0.005384
0.005528
0.005766
0.004971
0.004397
0.004789
0.005480
0.004698
0.005010
0.005036
0.005338
0.005487
0.005677
0.005204
0.004551
0.004472
0.004579
0.004785
0.004933
0.005458
0.005149
0.005455
0.005430
0.005711
0.004790
0.004382
0.004379
0.004635
0.004645
0.005041
0.005740
0.005713
0.005782
0.005597
0.005263
0.004318
0.004496
0.004846
0.004453
0.005178
0.004906
0.005111
0.005458
0.005685
0.005572
0.005659
0.004418
0.004186
0.004359
0.004667
0.004949
0.004810
0.005370
0.005133
0.005278
0.005907
0.005717
0.004676
0.004623
0.004527
0.004466
0.004737
0.004863
0.005208
0.005314
0.005820
0.005552
0.005660
0.005053
0.004482
0.004648
0.004491
0.004592
0.004687
0.004965
0.005101
0.005285
0.005791
0.005944
0.005809
0.005215
0.004620
0.004602
0.004824
0.004695
0.005235
0.005601
0.005864
0.005285
0.006302
0.005375
0.006856
0.005513
0.004545
0.005652
0.004501
0.004613
0.005878
0.005093
0.005076
0.006118
0.005481
0.005485
0.006558
0.006555
0.004386
0.005347
0.004798
0.004654
0.005246
0.005525
0.004976
0.005115
0.005676
0.005495
0.005393
0.005736
0.005147
0.004519
0.004587
0.004665
0.005123
0.004897
0.005172
0.005079
0.005155
0.006303
0.005514
0.005735
0.005668
0.004444
0.004415
0.004555
0.004826
0.004906
0.005055
0.005786
0.005063
0.005272
0.005785
0.005767
0.005761
0.005843
0.004484
0.004633
0.004895
0.004980
0.004849
0.005448
0.004948
0.005171
0.005287
0.005453
0.006063
0.006117
0.005871
0.004770
0.004540
0.004636
0.005021
0.004840
0.005144
0.004988
0.005183
0.005811
0.005990
0.005927
0.006462
0.006018
0.005852
0.004947
0.005192
0.004609
0.005186
0.004885
0.005046
0.005626
0.006298
0.005614
0.006257
0.007434
0.006100
0.006585
0.006670
0.005722
0.005430
0.005430
0.005121
0.005400
0.005029
0.005570
0.005246
0.005354
0.005576
0.005901
0.005638
0.006416
0.005548
0.004433
0.005018
0.005162
0.005285
0.004827
0.005395
0.004959
0.005089
0.005382
0.005849
0.005378
0.006237
0.005751
0.005823
0.004706
0.004890
0.004759
0.005207
0.004867
0.004876
0.005736
0.005599
0.005337
0.005812
0.005721
0.005783
0.005750
0.006214
0.007073
0.005342
0.004740
0.005682
0.004938
0.005337
0.005480
0.005393
0.005311
0.005358
0.005316
0.005603
0.006299
0.006156
0.005979
0.004857
0.004747
0.005338
0.004954
0.004805
0.005582
0.005187
0.005182
0.005356
0.005693
0.005454
0.006116
0.005614
0.005938
0.005486
0.004699
0.004762
0.004873
0.004729
0.004951
0.005048
0.005117
0.005648
0.005622
0.005682
0.005513
0.005753
0.005687
0.005751
0.005932
0.004864
0.007105
0.005012
0.006144
0.004929
0.005447
0.005074
0.005125
0.005188
0.005432
0.005402
0.005693
0.005816
0.005782
0.006095
0.004983
0.004738
0.005167
0.005459
0.004913
0.004998
0.005166
0.005184
0.005207
0.005459
0.005365
0.005502
0.005774
0.006321
0.005739
0.006703
0.004767
0.004740
0.004814
0.004933
0.004903
0.004900
0.004939
0.005110
0.005596
0.006204
0.005705
0.005850
0.005965
0.005838
0.005986
0.005412
0.004940
0.004980
0.004945
0.005167
0.004806
0.005254
0.005362
0.005281
0.005595
0.005268
0.005550
0.005547
0.005768
0.006155
0.005954
0.005520
0.004891
0.004952
0.005207
0.005089
0.005680
0.005193
0.005109
0.005210
0.005347
0.005312
0.005503
0.005684
0.005651
0.005863
0.006157
0.006465
0.005555
0.004996
0.004873
0.004918
0.004852
0.005085
0.005212
0.005201
0.005241
0.005333
0.005671
0.005905
0.005888
0.006209
0.006088
0.006258
0.005570
0.005680
0.005035
0.005346
0.004981
0.005142
0.005415
0.005674
0.005359
0.006052
0.005643
0.005559
0.005714
0.006025
0.005868
0.006034
0.005957
0.004679
0.004836
0.005319
0.004841
0.005618
0.005157
0.005122
0.005112
0.005253
0.005334
0.005715
0.005480
0.005614
0.005817
0.006106
0.006035
0.006507
0.004966
0.004752
0.005003
0.004914
0.005039
0.004975
0.005059
0.005470
0.005436
0.005646
0.005256
0.005920
0.005777
0.005823
0.005746
0.006104
0.005959
0.005390
0.004750
0.004820
0.004827
0.004923
0.005342
0.005116
0.005676
0.005283
0.005257
0.005511
0.005485
0.005612
0.005844
0.005776
0.005872
0.005897
0.006024
0.004805
0.005211
0.004930
0.005362
0.004929
0.004996
0.005162
0.005175
0.005097
0.005389
0.005446
0.005366
0.005783
0.005547
0.005675
0.005961
0.006788
0.005900
0.004892
0.005460
0.005062
0.005094
0.005323
0.005208
0.005460
0.005460
0.005572
0.005427
0.005942
0.006364
0.005699
0.006493
0.005821
0.005951
0.005961
0.004871
0.004850
0.004930
0.004816
0.004985
0.005062
0.005016
0.005426
0.005163
0.005641
0.005327
0.005662
0.005629
0.006035
0.007257
0.006045
0.005980
0.005905
0.006020
0.004747
0.005307
0.004832
0.004931
0.005281
0.005033
0.005649
0.005291
0.005607
0.005380
0.005461
0.005300
0.005385
0.005470
0.005617
0.005768
0.005773
0.006136
0.005508
0.004863
0.005174
0.004870
0.004937
0.005105
0.005027
0.005175
0.005173
0.005320
0.005444
0.005436
0.006091
0.005577
0.006378
0.005662
0.005980
0.006082
0.005146
0.004815
0.004793
0.004911
0.004754
0.004954
0.005082
0.005336
0.005245
0.005732
0.005229
0.005432
0.005425
0.005958
0.005502
0.006054
0.005784
0.005789
0.006038
0.006183
0.004615
0.005187
0.004754
0.004686
0.004935
0.005522
0.005114
0.005593
0.005379
0.005436
0.005547
0.005928
0.005447
0.006280
0.006081
0.006076
0.007829
0.006164
0.006699
0.006351
0.004996
0.006963
0.005761
0.004992
0.006145
0.005728
0.005295
0.010038
0.006471
0.007214
0.007058
0.007648
0.007216
0.007220
0.007542
0.006759
0.008863
0.006590
0.006011
0.005746
0.005660
0.005523
0.005496
0.004982
0.005734
0.005031
0.005182
0.005389
0.005686
0.005430
0.005791
0.005485
0.005443
0.005916
0.007068
0.005832
0.006241
0.005576
0.004945
0.005028
0.005507
0.004892
0.005380
0.004896
0.005043
0.005156
0.005634
0.005114
0.005710
0.005481
0.005494
0.005546
0.005500
0.005702
0.005672
0.005887
0.005907
0.005503
0.005797
0.004776
0.005537
0.004798
0.004875
0.005007
0.005106
0.005112
0.005010
0.005109
0.005155
0.005341
0.005458
0.005938
0.005497
0.006432
0.005683
0.005764
0.006005
0.005249
0.004769
0.004908
0.004774
0.004760
0.004955
0.005342
0.005117
0.005190
0.005546
0.005191
0.005442
0.005360
0.005365
0.005495
0.005762
0.005601
0.005904
0.006305
0.005627
0.006231
0.004742
0.004644
0.004655
0.004829
0.004799
0.004984
0.004922
0.004968
0.004990
0.005205
0.005498
0.005209
0.005285
0.005928
0.005622
0.005565
0.005639
0.005671
0.005775
0.005695
0.005215
0.004817
0.005071
0.005459
0.004974
0.005302
0.005033
0.005140
0.005089
0.005142
0.005258
0.005224
0.005410
0.005504
0.005726
0.006146
0.005516
0.006274
0.005839
0.005874
0.006657
0.005314
0.004757
0.004752
0.004796
0.004803
0.004981
0.005325
0.005217
0.005151
0.005788
0.005127
0.005214
0.005241
0.005503
0.005576
0.005647
0.005664
0.005843
0.005862
0.006285
0.005962
0.005494
0.004817
0.004787
0.004885
0.005074
0.004910
0.005162
0.005427
0.005420
0.005922
0.006265
0.005416
0.007213
0.005425
0.005520
0.009355
0.005976
0.007987
0.007137
0.009867
0.007265
0.007956
0.005697
0.005695
0.007643
0.005937
0.007735
0.006669
0.005897
0.005747
0.005678
0.005294
0.005902
0.005440
0.005595
0.005410
0.005541
0.005805
0.005752
0.005866
0.006065
0.006508
0.005789
0.005747
0.004846
0.004962
0.004879
0.004977
0.005119
0.004954
0.005133
0.005084
0.005208
0.005449
0.005711
0.005495
0.005941
0.005605
0.005658
0.005694
0.005619
0.006119
0.005921
0.005767
0.004740
