0.000476
0.000363
0.000474
0.000406
0.000517
0.000456
0.001433
0.000408
0.000438
0.000442
0.000472
0.000463
0.000514
0.000444
0.001313
0.000755
0.000679
0.000640
0.000548
0.000482
0.000611
0.000537
0.000648
0.000554
0.000658
0.000631
0.000610
0.000634
0.000614
0.000611
0.000651
0.000733
0.000729
0.000628
0.000644
0.000657
0.000648
0.000673
0.000694
0.000685
0.000717
0.000731
0.000731
0.000682
0.000757
0.000708
0.000724
0.000712
0.000712
0.000710
0.000729
0.000758
0.000733
0.000753
0.000761
0.000854
0.000760
0.000756
0.000758
0.000780
0.000784
0.000795
0.000783
0.000972
0.000805
0.000861
0.000823
0.000883
0.000837
0.000789
0.000857
0.000839
0.000850
0.000999
0.000839
0.000856
0.000869
0.000843
0.000882
0.000982
0.000866
0.000930
0.001294
0.001476
0.001475
0.001509
0.001455
0.001878
0.001072
0.001027
0.000926
0.000733
0.000699
0.000716
0.000758
0.000755
0.000799
0.000849
0.000961
0.000885
0.000778
0.000756
0.000746
0.000705
0.000875
0.000776
0.000773
0.000703
0.000775
0.000726
0.000773
0.000720
0.000713
0.000786
0.000728
0.000703
0.000752
0.000730
0.000819
0.000683
0.000642
0.000631
0.000732
0.000634
0.000670
0.000584
0.000630
0.000736
0.000592
0.000631
0.000563
0.000569
0.000566
0.000550
0.000575
0.000562
0.000577
0.000569
0.000571
0.000612
0.000562
0.000585
0.000575
0.000570
0.000570
0.000581
0.000581
0.000620
0.000585
0.000565
0.000710
0.000622
0.000634
0.000580
0.000575
0.000603
0.000590
0.000577
0.000607
0.000587
0.000590
0.000596
0.000573
0.000590
0.000599
0.000597
0.000588
0.001020
0.000577
0.000597
0.000583
0.000600
0.000608
0.000607
0.000597
0.000743
0.000651
0.000804
0.000609
0.000594
0.000605
0.000657
0.000601
0.000634
0.000683
0.000748
0.000736
0.000766
0.000596
0.000753
0.000621
0.000600
0.000601
0.000609
0.000737
0.000621
0.000630
0.000670
0.000728
0.000634
0.000989
0.000776
0.000647
0.000595
0.000611
0.000617
0.000605
0.000609
0.000589
0.000589
0.000610
0.000586
0.000595
0.000586
0.000607
0.000588
0.000577
0.000595
0.000622
0.000601
0.000620
0.000586
0.000606
0.000591
0.000619
0.000892
0.000653
0.000587
0.000609
0.000595
0.000599
0.000607
0.000585
0.000614
0.000603
0.000620
0.000596
0.000602
0.000636
0.000588
0.000595
0.000605
0.000591
0.000627
0.000593
0.000596
0.000606
0.000587
0.000599
0.000589
0.000617
0.000633
0.000892
0.000603
0.000607
0.000589
0.000618
0.000596
0.000579
0.000593
0.000581
0.000602
0.000568
0.000581
0.000593
0.000589
0.000588
0.000602
0.000595
0.000593
0.000587
0.000590
0.000584
0.000610
0.000593
0.000585
0.000596
0.000579
0.000704
0.000635
0.000594
0.000708
0.000595
0.000609
0.000601
0.000599
0.000704
0.000680
0.000605
0.000604
0.000644
0.000627
0.000655
0.000645
0.000655
0.000614
0.000581
0.001325
0.000629
0.000620
0.000625
0.000638
0.000841
0.000704
0.000617
0.000599
0.000671
0.000662
0.000624
0.000614
0.000596
0.000646
0.000606
0.000662
0.000686
0.000607
0.000617
0.000617
0.000579
0.000601
0.000598
0.000593
0.000572
0.000579
0.000588
0.000578
0.000590
0.000571
0.000706
0.000600
0.000602
0.000597
0.000604
0.000581
0.000612
0.000587
0.000614
0.000584
0.000581
0.000589
0.000584
0.000593
0.000585
0.000592
0.000588
0.000573
0.000598
0.000596
0.000591
0.000585
0.000582
0.000588
0.000602
0.000598
0.000644
0.000589
0.000579
0.000570
0.000596
0.000649
0.000715
0.000621
0.000671
0.000700
0.000620
0.000593
0.000607
0.000582
0.000602
0.000591
0.000599
0.000604
0.000602
0.000587
0.000577
0.000606
0.000591
0.000594
0.000605
0.000594
0.000696
0.000610
0.000672
0.000621
0.000593
0.000588
0.000699
0.000988
0.000974
0.000978
0.000929
0.000924
0.000661
0.000887
0.000615
0.000623
0.001291
0.000701
0.000791
0.000626
0.000587
0.000708
0.000614
0.000601
0.000649
0.000609
0.000637
0.000754
0.000714
0.000675
0.000621
0.000601
0.000591
0.000606
0.000595
0.000601
0.000627
0.000609
0.000606
0.000587
0.000596
0.000613
0.000574
0.000616
0.000586
0.000580
0.000747
0.000593
0.000583
0.000598
0.000592
0.001216
0.000606
0.000603
0.000700
0.000709
0.000607
0.000581
0.000624
0.000575
0.000641
0.000629
0.000586
0.000591
0.000590
0.000598
0.000597
0.000589
0.000610
0.000593
0.000796
0.000612
0.000575
0.000586
0.000605
0.000589
0.000612
0.000599
0.000610
0.000594
0.000562
0.000598
0.000599
0.000596
0.000598
0.000641
0.000707
0.000605
0.000589
0.000579
0.000586
0.000588
0.000601
0.000673
0.000603
0.000765
0.000595
0.000599
0.000650
0.000584
0.000592
0.000624
0.000598
0.000590
0.000587
0.000596
0.000597
0.000597
0.000633
0.000884
0.001022
0.000961
0.000938
0.000970
0.000920
0.000705
0.000586
0.000560
0.000872
0.000813
0.000715
0.000665
0.000690
0.000596
0.000581
0.000588
0.000602
0.000566
0.000592
0.000567
0.000654
0.000716
0.000702
0.000595
0.000591
0.000694
0.000613
0.000593
0.000616
0.000592
0.000595
0.000655
0.000612
0.000754
0.000599
0.000580
0.000589
0.000577
0.000588
0.000597
0.000592
0.000603
0.000598
0.000547
0.000569
0.000566
0.000569
0.000562
0.000589
0.000560
0.000581
0.000571
0.000573
0.000585
0.000568
0.000575
0.000579
0.000563
0.000619
0.000588
0.000581
0.000567
0.000581
0.000586
0.000575
0.000578
0.000580
0.000576
0.000578
0.000589
0.000581
0.000587
0.000591
0.000569
0.000594
0.000577
0.000581
0.000590
0.000594
0.000589
0.000645
0.000548
0.000560
0.000566
0.000557
0.001167
0.000587
0.000582
0.000604
0.000549
0.000573
0.000560
0.000693
0.000564
0.000554
0.000620
0.000567
0.000575
0.000591
0.000560
0.000600
0.000589
0.000578
0.000572
0.000577
0.000631
0.000656
0.000599
0.000684
0.000644
0.000583
0.000646
0.001020
0.000695
0.000582
0.000598
0.000653
0.000818
0.000582
0.000738
0.000595
0.000564
0.000586
0.000585
0.000602
0.000584
0.000570
0.000684
0.000653
0.000629
0.000611
0.000651
0.000575
0.000594
0.000605
0.000624
0.000733
0.000573
0.000609
0.000615
0.000655
0.000584
0.000558
0.000688
0.000582
0.000573
0.000581
0.000574
0.000617
0.000571
0.000585
0.000575
0.000568
0.000599
0.000652
0.000592
0.000564
0.000551
0.000572
0.000578
0.000573
0.000550
0.000583
0.000667
0.000594
0.000579
0.000559
0.000573
0.000566
0.000562
0.000572
0.000573
0.000582
0.000573
0.000591
0.000589
0.000569
0.000647
0.000569
0.000571
0.000580
0.000568
0.000563
0.000564
0.000571
0.000573
0.000612
0.000675
0.000690
0.000602
0.000687
0.000641
0.000607
0.000574
0.000554
0.000564
0.000566
0.000589
0.000562
0.000565
0.000568
0.000561
0.000576
0.000557
0.000571
0.000568
0.000567
0.000578
0.000575
0.000583
0.000558
0.000581
0.000562
0.000569
0.000567
0.000560
0.000842
0.000981
0.000660
0.000674
0.000574
0.000563
0.000598
0.000662
0.001206
0.000937
0.000805
0.000818
0.000769
0.000925
0.000653
0.000633
0.000589
0.000716
0.001583
0.000830
0.000744
0.001474
0.000622
0.000703
0.000607
0.000667
0.000712
0.000701
0.000704
0.000696
0.000683
0.000720
0.000731
0.000796
0.000704
0.000768
0.000693
0.000702
0.000745
0.000797
0.000718
0.000683
0.000665
0.000857
0.000779
0.000749
0.000724
0.000697
0.000699
0.000690
0.000696
0.000705
0.000700
0.000700
0.000681
0.000664
0.000667
0.000671
0.000667
0.000664
0.000679
0.000697
0.000672
0.000688
0.000681
0.000692
0.000751
0.000728
0.000699
0.000703
0.000701
0.000707
0.000729
0.000716
0.000688
0.000694
0.000669
0.000681
0.000700
0.000679
0.000711
0.000696
0.000690
0.000689
0.000691
0.000686
0.000718
0.000734
0.000687
0.000690
0.000730
0.000826
0.000819
0.000578
0.000620
0.000603
0.000609
0.000645
0.000645
0.000809
0.000644
0.000676
0.000826
0.000946
0.000978
0.000666
0.000683
0.000612
0.000631
0.000605
0.001010
0.000739
0.000831
0.000785
0.000658
0.000690
0.000783
0.001070
0.001269
0.001220
0.001153
0.001140
0.001309
0.001189
0.000701
0.000695
0.000722
0.000811
0.000702
0.000714
0.000673
0.000720
0.000846
0.000855
0.000703
0.000683
0.000690
0.000665
0.000706
0.000699
0.000708
0.000704
0.000692
0.000687
0.000669
0.000682
0.000709
0.000679
0.000685
0.000780
0.000714
0.000717
0.000695
0.000710
0.000728
0.000758
0.000638
0.000657
0.000627
0.000642
0.000636
0.000716
0.000628
0.000606
0.000618
0.000634
0.000573
0.000596
0.000568
0.001049
0.000586
0.000585
0.000562
0.000629
0.000657
0.000596
0.000579
0.000562
0.000568
0.000563
0.000618
0.000559
0.000716
0.000570
0.000573
0.000598
0.000616
0.000583
0.000627
0.000898
0.000575
0.000616
0.000640
0.000677
0.000636
0.000775
0.000608
0.000574
0.000661
0.000596
0.000646
0.000634
0.000582
0.000603
0.000681
0.000635
0.000658
0.000615
0.000638
0.000840
0.000608
0.000556
0.000580
0.000561
0.000589
0.000576
0.000578
0.000606
0.000584
0.000579
0.000647
0.000595
0.000600
0.000577
0.000664
0.000587
0.000600
0.000594
0.000575
0.000593
0.000592
0.000591
0.000601
0.000593
0.000628
0.000607
0.000613
0.000617
0.000649
0.000590
0.000594
0.000598
0.000628
0.000586
0.000599
0.000611
0.000592
0.000593
0.000572
0.000743
0.000669
0.000601
0.000597
0.000580
0.000602
0.000578
0.000579
0.000593
0.000580
0.000603
0.000582
0.000597
0.000576
0.000628
0.000639
0.000579
0.000594
0.000617
0.000605
0.000628
0.000717
0.000592
0.000601
0.000601
0.000622
0.000596
0.000670
0.000607
0.000591
0.000609
0.000590
0.000591
0.000596
0.000613
0.000600
0.000594
0.000588
0.000575
0.000573
0.000573
0.000565
0.000601
0.000592
0.000600
