0.000452
0.001328
0.001937
0.002799
0.003608
0.004264
0.005154
0.006149
0.004012
0.004251
0.004988
0.005699
0.004149
0.004156
0.004946
0.005400
0.004265
0.004017
0.004557
0.005328
0.004662
0.004046
0.004693
0.005437
0.004723
0.004048
0.004859
0.005190
0.005288
0.003978
0.004664
0.005364
0.004892
0.003822
0.004494
0.005392
0.005059
0.003867
0.004587
0.005397
0.005290
0.003760
0.004859
0.005041
0.005753
0.004104
0.004526
0.005123
0.005810
0.003954
0.004370
0.005086
0.006711
0.003907
0.004395
0.005054
0.005829
0.004049
0.004168
0.004758
0.005290
0.004545
0.004071
0.004570
0.005478
0.004680
0.004177
0.004844
0.005428
0.004683
0.003962
0.004680
0.005317
0.004885
0.004052
0.004737
0.005274
0.005110
0.004174
0.004730
0.005471
0.005024
0.004008
0.004614
0.005237
0.005108
0.004021
0.004710
0.005371
0.005125
0.003945
0.004751
0.005220
0.005432
0.004096
0.004678
0.005172
0.005564
0.004102
0.004553
0.005182
0.006560
0.003837
0.004389
0.005077
0.005842
0.004694
0.004889
0.005373
0.005775
0.004189
0.004366
0.005065
0.005579
0.004929
0.004177
0.004790
0.005503
0.004955
0.003993
0.004754
0.005824
0.005390
0.003909
0.004519
0.005143
0.005809
0.003877
0.004749
0.004989
0.005556
0.004421
0.004267
0.005011
0.005597
0.005101
0.004131
0.004882
0.005235
0.005561
0.003847
0.004616
0.005354
0.005798
0.004223
0.004090
0.004694
0.005371
0.005595
0.004135
0.004388
0.004945
0.005629
0.004332
0.004070
0.004831
0.005792
0.005421
0.003704
0.004390
0.004920
0.005464
0.005108
0.004047
0.004439
0.004995
0.005729
0.003873
0.004132
0.004877
0.006033
0.005566
0.003833
0.004499
0.004781
0.005644
0.005821
0.003818
0.004271
0.004998
0.005550
0.005072
0.003950
0.004544
0.004903
0.005658
0.004519
0.004240
0.004568
0.005327
0.006422
0.004603
0.003932
0.004499
0.004877
0.005608
0.004812
0.003968
0.004375
0.004931
0.005370
0.005052
0.004050
0.004526
0.005297
0.005362
0.005156
0.003920
0.004373
0.004968
0.005882
0.005680
0.003941
0.004339
0.004751
0.005189
0.005733
0.004015
0.004712
0.004615
0.005123
0.005717
0.004297
0.004054
0.004679
0.005450
0.005444
0.005078
0.003866
0.004250
0.004709
0.005681
0.005767
0.004267
0.003974
0.004420
0.004772
0.005435
0.005456
0.003908
0.004221
0.004738
0.005061
0.005585
0.004787
0.004601
0.004731
0.004946
0.005226
0.005829
0.004260
0.004288
0.005052
0.004974
0.005225
0.005697
0.003816
0.004113
0.004508
0.004875
0.005444
0.005970
0.003941
0.004213
0.005054
0.005222
0.005997
0.005392
0.003956
0.004276
0.004624
0.005147
0.005525
0.005142
0.003977
0.004356
0.004663
0.005055
0.005522
0.005295
0.004555
0.004295
0.004586
0.004999
0.005597
0.005531
0.005024
0.004391
0.004561
0.004956
0.005292
0.005838
0.004095
0.004249
0.004524
0.004846
0.005232
0.005688
0.004485
0.004087
0.004979
0.004712
0.005036
0.005552
0.005236
0.004103
0.004846
0.005319
0.005021
0.005574
0.005771
0.003937
0.004246
0.004534
0.004894
0.005073
0.005473
0.005291
0.004121
0.004695
0.005100
0.005312
0.005420
0.005843
0.004350
0.004301
0.004830
0.005255
0.005180
0.005652
0.005346
0.004178
0.004441
0.004576
0.004865
0.005330
0.005688
0.004649
0.004360
0.004568
0.004883
0.005541
0.005577
0.005843
0.004165
0.004571
0.004788
0.005397
0.005263
0.005523
0.005431
0.004114
0.004723
0.005207
0.005538
0.005326
0.005753
0.005119
0.004322
0.004481
0.005704
0.005037
0.005330
0.005908
0.004702
0.004414
0.004953
0.005584
0.005032
0.005421
0.005804
0.004744
0.004303
0.004453
0.004804
0.004971
0.005556
0.005745
0.005194
0.004704
0.004963
0.004732
0.005006
0.005269
0.005736
0.005156
0.005416
0.004481
0.004969
0.005129
0.005428
0.005790
0.004995
0.004242
0.004566
0.004812
0.004990
0.005367
0.005851
0.005975
0.004373
0.004661
0.004828
0.005013
0.005382
0.005792
0.005813
0.004273
0.004390
0.005154
0.005162
0.005271
0.005546
0.005846
0.004221
0.004368
0.004857
0.004923
0.005121
0.006799
0.005721
0.005518
0.004454
0.004587
0.004884
0.005800
0.005511
0.005630
0.006001
0.004672
0.004485
0.005059
0.005084
0.005232
0.005469
0.006168
0.005424
0.004516
0.004779
0.004810
0.005194
0.005361
0.006646
0.006315
0.005250
0.004521
0.004864
0.004946
0.005174
0.005587
0.006175
0.005683
0.004404
0.004522
0.005517
0.005044
0.005339
0.006139
0.005851
0.005237
0.004838
0.004793
0.004922
0.004990
0.005362
0.005684
0.005838
0.005066
0.004684
0.005395
0.005063
0.004999
0.005382
0.006078
0.005977
0.005662
0.005175
0.004820
0.004947
0.005205
0.005520
0.005755
0.006805
0.005071
0.004597
0.005123
0.005096
0.005096
0.005485
0.005744
0.005986
0.004682
0.004603
0.004952
0.005308
0.005721
0.005425
0.005767
0.006103
0.004557
0.005239
0.005244
0.005036
0.005197
0.005490
0.005858
0.005886
0.004954
0.004566
0.004797
0.004990
0.005129
0.005835
0.006766
0.006126
0.005165
0.004554
0.004761
0.004847
0.005235
0.005612
0.005707
0.005886
0.005545
0.004674
0.004994
0.005187
0.005190
0.005270
0.006161
0.006001
0.006640
0.004906
0.004690
0.004877
0.005088
0.005340
0.005874
0.006528
0.005931
0.004964
0.004690
0.004692
0.005491
0.005717
0.005492
0.005758
0.006235
0.005432
0.004488
0.004556
0.004846
0.005070
0.005293
0.005767
0.005909
0.006447
0.004787
0.004628
0.004590
0.005258
0.005174
0.005766
0.006504
0.005863
0.005844
0.004621
0.004908
0.005248
0.005738
0.005264
0.005457
0.006007
0.006002
0.005020
0.005359
0.004635
0.004826
0.005139
0.005487
0.005636
0.006969
0.006018
0.004509
0.004527
0.004767
0.005241
0.005769
0.005922
0.005835
0.006136
0.005429
0.004478
0.005056
0.005254
0.005056
0.005246
0.005527
0.005852
0.006525
0.005331
0.004408
0.004656
0.004932
0.004990
0.005446
0.006474
0.005938
0.006129
0.004822
0.004577
0.005027
0.006252
0.005194
0.005440
0.005813
0.005947
0.006580
0.005530
0.004749
0.004656
0.004983
0.005315
0.005519
0.005409
0.005738
0.005831
0.004421
0.004513
0.004848
0.004898
0.006499
0.005456
0.005980
0.007948
0.009296
0.007098
0.005730
0.005745
0.005873
0.006158
0.006475
0.006349
0.006234
0.005950
0.005503
0.005693
0.006320
0.005702
0.005944
0.006183
0.005863
0.006288
0.005887
0.004812
0.004490
0.004989
0.004912
0.004917
0.005076
0.005374
0.005786
0.006049
0.005630
0.004708
0.005305
0.004854
0.004996
0.005214
0.005437
0.005694
0.005812
0.006022
0.004386
0.004539
0.004657
0.004926
0.005476
0.005739
0.005382
0.005855
0.006113
0.005353
0.004853
0.005178
0.004757
0.005106
0.005162
0.005435
0.005615
0.005962
0.006039
0.004320
0.004480
0.004624
0.005059
0.005575
0.005690
0.005516
0.005663
0.005988
0.005418
0.004490
0.004649
0.004798
0.005020
0.005222
0.005414
0.005843
0.006517
0.005789
0.004407
0.004529
0.004877
0.004952
0.004941
0.005319
0.005465
0.005815
0.005965
0.005456
0.004688
0.005297
0.004793
0.004906
0.005205
0.005341
0.005576
0.005636
0.006012
0.005185
0.004607
0.004649
0.005214
0.005484
0.005669
0.005492
0.005715
0.005859
0.005761
0.004372
0.004431
0.004616
0.004912
0.004989
0.005133
0.005471
0.006592
0.005849
0.006251
0.004492
0.004587
0.004843
0.005245
0.005426
0.005466
0.005532
0.005694
0.005826
0.005777
0.004764
0.004464
0.004656
0.004794
0.005082
0.005856
0.006188
0.005746
0.005878
0.005890
0.004461
0.004754
0.005380
0.004936
0.005237
0.005138
0.005459
0.005690
0.006542
0.005873
0.004683
0.004593
0.004738
0.005083
0.005890
0.005693
0.005399
0.005552
0.005911
0.006149
0.004484
0.004522
0.004657
0.004840
0.005364
0.005180
0.005517
0.006223
0.005919
0.005664
0.004496
0.004527
0.004825
0.005077
0.005539
0.005152
0.005362
0.005461
0.006094
0.006094
0.005448
0.004457
0.004640
0.004661
0.004969
0.005198
0.006218
0.005646
0.005600
0.005923
0.006117
0.004720
0.004465
0.004814
0.004922
0.005116
0.005257
0.006387
0.006344
0.006216
0.006029
0.004539
0.004564
0.004622
0.004999
0.005007
0.005082
0.005276
0.005555
0.005883
0.006856
0.006229
0.004447
0.004849
0.005981
0.005434
0.005252
0.005853
0.006059
0.005658
0.006234
0.006596
0.004364
0.004807
0.005497
0.004820
0.006217
0.006130
0.005338
0.006127
0.006509
0.005920
0.005571
0.004478
0.004508
0.004637
0.004878
0.005282
0.005270
0.005667
0.006050
0.006245
0.006101
0.004716
0.004522
0.004752
0.004918
0.005418
0.005687
0.005188
0.005608
0.006068
0.005601
0.005723
0.004507
0.004587
0.004765
0.004849
0.005142
0.005344
0.006349
0.005771
0.005890
0.006020
0.004555
0.004498
0.004542
0.004755
0.004899
0.005097
0.005355
0.005917
0.005995
0.006323
0.006019
0.004560
0.004472
0.004814
0.004829
0.005033
0.005253
0.005377
0.005460
0.005752
0.006144
0.006671
0.004867
0.004485
0.004664
0.004831
0.005115
0.005057
0.005458
0.005611
0.005582
0.005954
0.005846
0.005035
0.005211
0.004805
0.004824
0.005066
0.005068
0.005339
0.005653
0.005542
0.005914
0.005814
0.004485
0.004632
0.005165
0.005335
0.004926
0.005244
0.005330
0.005469
0.006229
0.005975
0.005820
0.004581
0.004590
0.004669
0.005416
0.005468
0.005141
0.005547
0.005530
0.005735
0.005739
0.005871
0.004728
0.004682
0.004747
0.004735
0.005165
0.005470
0.005754
0.005642
0.005680
0.006039
0.005784
0.004464
0.004587
0.004624
0.004881
0.005048
0.005081
0.005326
0.005540
0.006299
0.005913
0.006607
0.005286
0.004769
0.004765
0.004846
0.005027
0.005138
0.005244
0.005672
0.006767
0.006354
0.005994
0.005186
0.004638
0.004689
0.005087
0.005089
0.005151
0.005299
