0.000954
0.001829
0.002522
0.003512
0.003830
0.004622
0.005306
0.005305
0.006833
0.007083
0.007106
0.007308
0.007880
0.008449
0.008755
0.010244
0.009865
0.009824
0.010337
0.010481
0.010630
0.009965
0.011611
0.010572
0.010765
0.011690
0.011405
0.013443
0.012840
0.012115
0.012550
0.013194
0.013408
0.014637
0.013615
0.013455
0.013915
0.015100
0.014921
0.014921
0.015155
0.015303
0.017810
0.018602
0.017815
0.017650
0.017240
0.017405
0.017685
0.019679
0.019332
0.018531
0.017673
0.020468
0.018453
0.018688
0.020610
0.019498
0.020011
0.020577
0.020670
0.020051
0.020562
0.022122
0.020612
0.021135
0.022700
0.021522
0.021807
0.023748
0.022112
0.022723
0.025214
0.023675
0.024368
0.024940
0.024198
0.025190
0.024794
0.025472
0.026893
0.025720
0.027161
0.026437
0.026906
0.028005
0.027364
0.029388
0.026694
0.026998
0.028862
0.026608
0.028579
0.027232
0.028623
0.027770
0.029025
0.031411
0.030747
0.029560
0.028447
0.030044
0.028231
0.030748
0.029332
0.029089
0.031326
0.029518
0.032658
0.030573
0.032685
0.030866
0.031675
0.031349
0.033706
0.034396
0.034904
0.031126
0.032957
0.031669
0.033378
0.031794
0.034288
0.032407
0.034067
0.032836
0.034042
0.033146
0.035269
0.040600
0.038023
0.034482
0.034671
0.033801
0.035850
0.034369
0.036116
0.036461
0.034477
0.037519
0.036079
0.038416
0.035564
0.036546
0.035824
0.037077
0.036916
0.038540
0.038209
0.036279
0.038695
0.036704
0.038504
0.037005
0.039069
0.038589
0.038536
0.041373
0.037796
0.041536
0.039885
0.038633
0.040468
0.038723
0.041038
0.040727
0.039130
0.041437
0.039150
0.043390
0.041031
0.041903
0.043183
0.041300
0.040261
0.045264
0.051561
0.049277
0.049279
0.042338
0.041431
0.044189
0.043000
0.041832
0.043266
0.042975
0.043575
0.044558
0.043177
0.043511
0.045230
0.044120
0.046425
0.043995
0.044421
0.044845
0.045903
0.044376
0.044276
0.046564
0.046694
0.044365
0.045262
0.047404
0.046872
0.047111
0.047027
0.046483
0.047233
0.045762
0.048768
0.051790
0.046720
0.047300
0.048261
0.045406
0.046213
0.048023
0.046693
0.048482
0.048690
0.046313
0.050915
0.049638
0.049823
0.055301
0.048646
0.050232
0.049615
0.054775
0.051484
0.049747
0.049704
0.049759
0.048604
0.050438
0.050134
0.049384
0.048918
0.056860
0.059799
0.056308
0.052560
0.058747
0.059956
0.055203
0.051996
0.050738
0.051024
0.050636
0.051934
0.051446
0.054442
0.050957
0.050833
0.052820
0.051265
0.052677
0.051754
0.053397
0.052599
0.053671
0.053141
0.057087
0.061525
0.055686
0.054767
0.054412
0.056662
0.063575
0.054305
0.055647
0.058661
0.055406
0.059777
0.069930
0.069237
0.066666
0.066648
0.062731
0.070076
0.081289
0.064372
0.070564
0.072174
0.070384
0.072473
0.073749
0.072016
0.075075
0.085726
0.072490
0.074675
0.074886
0.068815
0.124681
0.071540
0.071395
0.072815
0.064863
0.069401
0.069726
0.068138
0.072803
0.061831
0.060688
0.070723
0.066494
0.060373
0.081246
0.070890
0.078559
0.072580
0.068992
0.069562
0.069187
0.069115
0.070821
0.068245
0.062282
0.069882
0.058750
0.068604
0.065481
0.061924
0.061378
0.060488
0.059288
0.060099
0.063324
0.073456
0.062116
0.066392
0.069735
0.065484
0.063185
0.075814
0.067039
0.071297
0.063330
0.063868
0.062876
0.061940
0.061357
0.063905
0.071737
0.077950
0.078439
0.066280
0.067197
0.063936
0.063470
0.071504
0.073126
0.063928
0.063459
0.062766
0.064947
0.068980
0.076782
0.077307
0.066245
0.074377
0.077967
0.067251
0.063403
0.064788
0.080183
0.080764
0.068099
0.065872
0.066413
0.068335
0.068880
0.067849
0.073402
0.083551
0.070629
0.067518
0.068553
0.066790
0.078416
0.068149
0.066561
0.067207
0.067645
0.066851
0.069521
0.070065
0.069666
0.077026
0.081031
0.074408
0.069722
0.074112
0.074842
0.078992
0.069552
0.076458
0.068586
0.069507
0.073743
0.071464
0.073302
0.077176
0.070424
0.071357
0.072116
0.071757
0.077611
0.075814
0.071714
0.070859
0.071181
0.071678
0.080025
0.084271
0.084853
0.080940
0.075293
0.070894
0.072782
0.080050
0.074610
0.072679
0.074532
0.073115
0.074004
0.086405
0.089192
0.091971
0.082498
0.075590
0.073939
0.074430
0.073462
0.076586
0.074708
0.074724
0.075258
0.077648
0.074234
0.077191
0.090976
0.092490
0.095033
0.094611
0.094414
0.097265
0.105306
0.098483
0.103784
0.099251
0.098221
0.097253
0.098791
0.102654
0.100730
0.094550
0.088155
0.079641
0.080297
0.089467
0.079949
0.081459
0.080692
0.085340
0.097846
0.084819
0.100092
0.089948
0.078853
0.100457
0.093895
0.095317
0.090892
0.095295
0.084377
0.086775
0.084398
0.100680
0.086652
0.084844
0.081563
0.087401
0.091883
0.085114
0.101841
0.102181
0.090055
0.091276
0.091012
0.095583
0.102142
0.102860
0.104582
0.092713
0.097240
0.100915
0.094720
0.110727
0.101436
0.109250
0.097472
0.085415
0.109287
0.111167
0.106059
0.105637
0.118612
0.120554
0.116546
0.105087
0.107816
0.110808
0.111674
0.108352
0.103499
0.107687
0.113612
0.107868
0.113367
0.125512
0.134691
0.130467
0.119955
0.121581
0.114063
0.115222
0.106032
0.101101
0.117347
0.116016
0.100519
0.099746
0.114520
0.116593
0.124205
0.116707
0.117576
0.118589
0.121370
0.103681
0.091465
0.115125
0.119256
0.122608
0.126475
0.124977
0.118290
0.121276
0.126668
0.124856
0.115187
0.112110
0.113868
0.110732
0.130332
0.120683
0.121858
0.109281
0.126743
0.171041
0.125528
0.111439
0.131113
0.127892
0.128515
0.126692
0.125710
0.121960
0.130959
0.122786
0.131880
0.125657
0.135911
0.127879
0.126498
0.124826
0.123659
0.124957
0.130889
0.131820
0.123307
0.122470
0.129781
0.127546
0.131193
0.140124
0.134827
0.129230
0.140987
0.134554
0.131088
0.128084
0.132793
0.131726
0.129495
0.137378
0.133688
0.132236
0.128583
0.137188
0.130726
0.141411
0.149472
0.145612
0.140117
0.129653
0.140674
0.130257
0.137563
0.146107
0.141906
0.136155
0.136778
0.133736
0.131861
0.134473
0.134137
0.131213
0.134676
0.133897
0.146390
0.137849
0.156851
0.133137
0.142743
0.138563
0.136691
0.135533
0.140459
0.138897
0.145638
0.143458
0.136011
0.134369
0.137565
0.145433
0.136204
0.146094
0.139313
0.145976
0.144571
0.142690
0.150020
0.148278
0.145496
0.142032
0.141642
0.151949
0.147974
0.147485
0.140098
0.137083
0.144209
0.138340
0.141311
0.138394
0.146187
0.147819
0.140930
0.138801
0.141034
0.217781
0.188548
0.344667
0.326956
0.505075
0.259723
0.206878
0.231728
0.173933
0.157277
0.281659
0.176408
0.166014
0.178338
0.181568
0.239054
0.190512
0.179007
0.174559
0.292190
0.245859
0.148728
0.154966
0.151359
0.153857
0.145809
0.142721
0.178561
0.159373
0.144606
0.155485
0.182147
0.204936
0.149567
0.183629
0.184125
0.192719
0.298802
0.230763
0.207346
0.165710
0.169400
0.174840
0.148204
0.161158
0.151048
0.142931
0.156468
0.148519
0.157783
0.144802
0.153454
0.154455
0.149730
0.158744
0.149475
0.153454
0.146716
0.149412
0.149560
0.154344
0.157392
0.151603
0.153429
0.146534
0.152067
0.152228
0.152561
0.145817
0.167281
0.152964
0.145273
0.152695
0.156879
0.153028
0.153660
0.149787
0.149147
0.143413
0.151896
0.154481
0.157301
0.161804
0.157524
0.145351
0.145580
0.156511
0.154986
0.161645
0.158049
0.157326
0.156811
0.157094
0.163945
0.169070
0.157198
0.159131
0.157550
0.149751
0.159282
0.146628
0.157694
0.162813
0.156019
0.150560
0.150133
0.151933
0.161560
0.158804
0.152052
0.161487
0.152935
0.161947
0.167784
0.157760
0.161527
0.160777
0.153365
0.156028
0.159470
0.167399
0.156171
0.162555
0.157017
0.157986
0.170136
0.163661
0.165651
0.158571
0.157683
0.152947
0.159675
0.179596
0.156670
0.160374
0.160705
0.164365
0.158311
0.163967
0.167129
0.160712
0.160612
0.160719
0.169540
0.162466
0.171207
0.169067
0.167460
0.165003
0.171341
0.176709
0.166015
0.170385
0.159735
0.163179
0.165353
0.180202
0.181013
0.174158
0.173487
0.175492
0.203685
0.175541
0.174329
0.164283
0.162472
0.181079
0.205603
0.170221
0.173083
0.162876
0.177973
0.163666
0.162757
0.176375
0.164765
0.169252
0.170906
0.174308
0.169958
0.169801
0.171925
0.165971
0.162967
0.167046
0.166977
0.168658
0.174753
0.169625
0.170806
0.174233
0.168296
0.175314
0.173753
0.170365
0.176754
0.173258
0.173539
0.169610
0.176268
0.167811
0.172662
0.169337
0.177077
0.177722
0.173879
0.171885
0.168718
0.177919
0.172232
0.173604
0.168163
0.164915
0.170991
0.175820
0.171452
0.175967
0.171500
0.181768
0.170665
0.174470
0.172504
0.172975
0.162095
0.176731
0.169333
0.177592
0.164985
0.161595
0.165374
0.164291
0.174533
0.175936
0.172378
0.173852
0.165477
0.179822
0.172977
0.170075
0.175525
0.179379
0.171940
0.170461
0.175047
0.181643
0.213968
0.192277
0.177491
0.176197
0.179541
0.171893
0.164001
0.170467
0.162262
0.174909
0.234291
0.165249
0.181186
0.172276
0.169798
0.172647
0.178932
0.159836
0.172498
0.168776
0.185189
0.184333
0.172710
0.169160
0.164422
0.176106
0.163288
0.172404
0.174350
0.169985
0.165267
0.168116
0.172752
0.168580
0.167194
0.174158
0.175138
0.170781
0.175638
0.165817
0.172376
0.158581
0.170787
0.175282
0.169744
0.171213
0.165367
0.181971
0.167797
0.168683
0.170301
0.164524
0.163951
0.172574
0.171944
0.162510
0.172258
0.159909
0.214377
0.180917
0.169415
0.174550
0.230721
0.174867
0.164560
0.169706
0.185001
0.183007
0.170829
0.197577
0.179761
0.176340
0.163725
0.166335
0.182436
0.166135
0.170429
0.172171
0.173547
0.159528
0.167048
0.165858
0.173005
0.172109
0.169247
0.183808
0.174855
0.183879
0.164805
0.170000
0.166852
