0.000884
0.000740
0.000780
0.000736
0.000702
0.000723
0.000964
0.001270
0.000751
0.000831
0.000788
0.000822
0.000763
0.000791
0.000846
0.001211
0.001003
0.000863
0.000851
0.000839
0.000813
0.000853
0.000809
0.000871
0.000857
0.000828
0.000870
0.000831
0.000853
0.000862
0.000826
0.000899
0.000861
0.000945
0.000877
0.000901
0.000900
0.000964
0.000959
0.000932
0.000990
0.000963
0.001211
0.001399
0.000913
0.000892
0.000906
0.000923
0.000908
0.000870
0.000964
0.001747
0.001068
0.001010
0.000964
0.001305
0.000966
0.000920
0.000925
0.000917
0.000954
0.000948
0.000954
0.000945
0.000956
0.000898
0.001045
0.000995
0.000981
0.001048
0.001217
0.001180
0.001057
0.001135
0.001043
0.001431
0.001230
0.000974
0.000990
0.000962
0.001045
0.001036
0.001151
0.001513
0.001042
0.000996
0.000998
0.001027
0.001055
0.000989
0.001016
0.000966
0.000992
0.000967
0.000994
0.001018
0.000982
0.000995
0.001061
0.001054
0.001075
0.001097
0.001203
0.001068
0.001080
0.001050
0.001631
0.001391
0.001121
0.001104
0.001176
0.001235
0.001647
0.001764
0.001212
0.001212
0.001189
0.001285
0.001349
0.001271
0.001672
0.001525
0.001359
0.001196
0.002596
0.001588
0.001357
0.001213
0.001195
0.001160
0.001108
0.001128
0.001155
0.001087
0.001112
0.001076
0.001252
0.003559
0.001509
0.001293
0.001202
0.001126
0.001135
0.001253
0.001330
0.001232
0.001195
0.001140
0.002438
0.003202
0.001589
0.001362
0.001356
0.001224
0.001234
0.001194
0.001190
0.001171
0.001217
0.002903
0.001824
0.001315
0.001540
0.001365
0.001277
0.001249
0.001179
0.001175
0.001249
0.001204
0.002491
0.002097
0.001525
0.001326
0.001250
0.001233
0.001264
0.001203
0.001240
0.001274
0.001227
0.001300
0.003811
0.002999
0.001413
0.001387
0.001332
0.001304
0.001262
0.001273
0.001232
0.002867
0.002194
0.001478
0.001378
0.001383
0.001283
0.001249
0.001238
0.001223
0.001251
0.001187
0.003343
0.002374
0.001478
0.001315
0.001327
0.001264
0.001330
0.001240
0.001378
0.001248
0.002310
0.001708
0.001416
0.001379
0.001315
0.001359
0.001277
0.001286
0.001242
0.001280
0.001330
0.001280
0.002511
0.001744
0.001587
0.001451
0.001371
0.001363
0.001299
0.001293
0.001353
0.001319
0.001310
0.001336
0.001380
0.001634
0.001823
0.001576
0.001477
0.002600
0.001567
0.001432
0.001568
0.002668
0.001630
0.001600
0.001461
0.001410
0.001313
0.001386
0.001365
0.001397
0.001496
0.001645
0.001598
0.001839
0.002043
0.001719
0.002488
0.001425
0.001317
0.001426
0.001269
0.001323
0.002138
0.001467
0.001383
0.001395
0.001323
0.001231
0.001300
0.001339
0.001299
0.001392
0.001249
0.001316
0.001323
0.001474
0.001588
0.001448
0.001397
0.001364
0.001303
0.001330
0.001340
0.001533
0.001458
0.001475
0.001369
0.001344
0.001354
0.001274
0.001346
0.001317
0.001346
0.001356
0.001398
0.001601
0.001458
0.001505
0.001534
0.001549
0.001669
0.001611
0.001646
0.002822
0.002173
0.001559
0.001565
0.002674
0.001679
0.001590
0.001620
0.002141
0.002176
0.001941
0.001712
0.001550
0.001535
0.001416
0.001532
0.001420
0.001548
0.001422
0.001395
0.001355
0.001363
0.001424
0.001368
0.001355
0.001448
0.001376
0.001342
0.001332
0.001455
0.001505
0.001402
0.001396
0.001369
0.001385
0.001294
0.001376
0.001348
0.001539
0.001787
0.002509
0.001726
0.002398
0.001500
0.001420
0.001476
0.002181
0.001537
0.001568
0.001389
0.001407
0.001489
0.001374
0.001452
0.001349
0.001431
0.001489
0.001509
0.001510
0.001547
0.001449
0.001458
0.001394
0.001510
0.001462
0.001445
0.001432
0.001366
0.001557
0.001362
0.001517
0.001504
0.001457
0.001393
0.001377
0.001400
0.001348
0.001399
0.001403
0.001402
0.001373
0.001415
0.001569
0.001627
0.001612
0.001591
0.002197
0.001530
0.001418
0.001362
0.001478
0.002367
0.001563
0.001533
0.001533
0.001504
0.001514
0.001544
0.001473
0.001395
0.001384
0.001411
0.001440
0.001433
0.001500
0.001487
0.001491
0.001461
0.001472
0.001399
0.001461
0.001434
0.001460
0.001429
0.001377
0.001382
0.001334
0.001420
0.001435
0.001441
0.001377
0.001410
0.001388
0.001345
0.001469
0.001446
0.001505
0.001575
0.001573
0.001533
0.002172
0.001711
0.001468
0.001418
0.001395
0.002463
0.001589
0.001563
0.001457
0.001459
0.001413
0.001418
0.001390
0.001454
0.001642
0.001544
0.001508
0.001479
0.001450
0.001466
0.001416
0.001427
0.001450
0.001456
0.001418
0.001500
0.001494
0.001454
0.001514
0.001446
0.001402
0.001399
0.001468
0.001446
0.001455
0.001458
0.001492
0.001401
0.001430
0.001466
0.001613
0.001616
0.001585
0.002377
0.001746
0.001529
0.001515
0.001459
0.001471
0.002245
0.001546
0.001463
0.001512
0.001465
0.001534
0.001493
0.001458
0.001495
0.001460
0.001487
0.001537
0.001490
0.001528
0.001446
0.001500
0.001456
0.001516
0.001517
0.001492
0.001511
0.001463
0.001549
0.001430
0.001484
0.001467
0.001524
0.001577
0.001518
0.001458
0.001982
0.001550
0.001531
0.001490
0.001509
0.001756
0.001793
0.001669
0.002334
0.001468
0.001543
0.001423
0.001854
0.002229
0.001591
0.001503
0.001570
0.001480
0.001583
0.001701
0.001566
0.001568
0.001647
0.001539
0.001560
0.001525
0.001592
0.001581
0.001525
0.001566
0.001535
0.001495
0.001524
0.001550
0.001435
0.001525
0.001511
0.001427
0.001483
0.001494
0.001511
0.001471
0.001508
0.001462
0.001550
0.001497
0.001564
0.001715
0.001617
0.001660
0.002576
0.001572
0.001539
0.001492
0.002282
0.001684
0.001691
0.001542
0.001521
0.001499
0.001504
0.001479
0.001572
0.001546
0.001573
0.001544
0.001558
0.001542
0.001537
0.001549
0.001506
0.001513
0.001509
0.001501
0.001492
0.001524
0.001496
0.001573
0.001496
0.001490
0.001504
0.001505
0.001482
0.001520
0.001491
0.001489
0.001530
0.001541
0.001519
0.001753
0.001784
0.001720
0.002291
0.001864
0.001580
0.001546
0.002602
0.001704
0.001589
0.001568
0.001549
0.001662
0.001621
0.001572
0.001566
0.001597
0.001659
0.001585
0.001576
0.001507
0.001542
0.001515
0.001530
0.001577
0.001576
0.001557
0.001607
0.001541
0.001515
0.001537
0.001493
0.001497
0.001455
0.001560
0.001451
0.001488
0.001529
0.001737
0.001623
0.001558
0.001725
0.001854
0.001704
0.002377
0.001584
0.001544
0.001518
0.002496
0.001749
0.001576
0.001551
0.001564
0.001560
0.001562
0.001555
0.001527
0.001503
0.001640
0.001563
0.001574
0.001562
0.001628
0.001625
0.001601
0.001630
0.001598
0.001641
0.001570
0.001539
0.001541
0.001613
0.001582
0.001623
0.001586
0.001722
0.001629
0.001601
0.001581
0.001873
0.001702
0.001700
0.001702
0.001700
0.002830
0.001644
0.001602
0.001591
0.002486
0.001762
0.001641
0.001565
0.001587
0.001513
0.001599
0.001549
0.001554
0.001603
0.001629
0.001611
0.001557
0.001553
0.001551
0.001632
0.001574
0.001519
0.001588
0.001493
0.001614
0.001580
0.001551
0.001556
0.001558
0.001603
0.001535
0.001579
0.001603
0.001525
0.001533
0.001539
0.001511
0.001582
0.001791
0.001850
0.001724
0.001920
0.002223
0.001581
0.001660
0.002316
0.001654
0.001645
0.001582
0.001535
0.001507
0.001608
0.001551
0.001565
0.001598
0.001614
0.001549
0.001680
0.001677
0.001781
0.001756
0.001941
0.001802
0.001766
0.001700
0.001583
0.001653
0.001578
0.001561
0.001564
0.001510
0.001485
0.001437
0.001502
0.001505
0.001538
0.001507
0.001795
0.001755
0.001719
0.001889
0.002141
0.001535
0.001528
0.001522
0.002500
0.001709
0.001646
0.001614
0.001527
0.001561
0.001528
0.001542
0.001552
0.001532
0.001584
0.001543
0.001721
0.001894
0.001709
0.002607
0.001669
0.001610
0.001583
0.001712
0.002437
0.001698
0.001588
0.001629
0.001556
0.001971
0.001574
0.001571
0.001526
0.001619
0.001568
0.001551
0.001517
0.001527
0.001499
0.001504
0.001566
0.001545
0.001514
0.001724
0.001704
0.001766
0.001696
0.001706
0.001770
0.001681
0.001651
0.001658
0.001904
0.001801
0.001659
0.001777
0.001835
0.001938
0.001975
0.002862
0.001777
0.001684
0.002554
0.001780
0.001647
0.001668
0.001618
0.001585
0.001642
0.001604
0.001601
0.001594
0.001615
0.001557
0.001576
0.001580
0.001537
0.001568
0.001532
0.001557
0.001566
0.001577
0.001631
0.001573
0.001520
0.001478
0.001557
0.001519
0.001540
0.001505
0.001778
0.001660
0.001820
0.001619
0.001546
0.001563
0.001698
0.001659
0.001745
0.002492
0.001565
0.001546
0.001618
0.002315
0.001667
0.001528
0.001516
0.001502
0.001727
0.001551
0.001636
0.001767
0.001875
0.001789
0.002089
0.001768
0.001791
0.002981
0.001863
0.001837
0.002123
0.002756
0.001701
0.001676
0.001676
0.001623
0.001695
0.001653
0.001616
0.001616
0.001690
0.001734
0.001861
0.001968
0.002956
0.001792
0.001707
0.001606
0.001673
0.002325
0.001782
0.001725
0.001667
0.001697
0.001670
0.001616
0.001626
0.001531
0.001572
0.001631
0.001629
0.001807
0.001760
0.002090
0.002175
0.001638
0.001559
0.001562
0.002321
0.001713
0.001666
0.001569
0.001560
0.001507
0.001607
0.001589
0.001613
0.001656
0.002114
0.002128
0.002035
0.001862
0.002520
0.001630
0.001596
0.001562
0.001697
0.002509
0.001686
0.001604
0.001601
0.001572
0.001597
0.001661
0.001613
0.001541
0.001653
0.001688
0.001853
0.001771
0.002510
0.001997
0.001622
0.001615
0.001551
0.001722
0.002297
0.001580
0.001512
0.001566
0.001564
0.001573
0.001547
0.001500
0.001552
0.001703
0.001660
0.001690
0.001731
0.001728
0.001736
0.002754
0.001658
0.001574
0.001687
0.002239
0.001643
0.001596
0.001614
0.001559
0.001541
0.001552
0.001562
0.001644
0.001602
0.001625
0.001629
0.001748
0.001786
0.001793
