0.000143
0.000163
0.000230
0.000204
0.000214
0.000204
0.000207
0.000221
0.000215
0.000229
0.000221
0.000223
0.000263
0.000241
0.000243
0.000258
0.000248
0.000248
0.000245
0.000254
0.000253
0.000248
0.000248
0.000301
0.000260
0.000257
0.000258
0.000312
0.000374
0.000305
0.000316
0.000307
0.000358
0.000322
0.000312
0.000303
0.000299
0.000280
0.000308
0.000282
0.000298
0.000292
0.000290
0.000446
0.000352
0.000314
0.000311
0.000298
0.000296
0.000309
0.000314
0.000305
0.000326
0.000364
0.000341
0.000334
0.000315
0.000311
0.000342
0.000331
0.000332
0.000336
0.000315
0.000328
0.000342
0.000517
0.000334
0.000343
0.000379
0.001316
0.003076
0.000570
0.000584
0.000560
0.000592
0.000562
0.000590
0.000568
0.000556
0.000543
0.000526
0.000610
0.000506
0.000494
0.000520
0.000537
0.000530
0.000491
0.000464
0.000458
0.000459
0.000450
0.000438
0.000461
0.000458
0.000451
0.000465
0.000442
0.000453
0.000431
0.000438
0.000483
0.000437
0.000432
0.000442
0.000420
0.000426
0.000996
0.000448
0.000412
0.000438
0.000416
0.000446
0.000422
0.000419
0.000433
0.000432
0.000504
0.000415
0.000435
0.000422
0.000432
0.000457
0.000423
0.000447
0.000423
0.000486
0.000656
0.000598
0.000577
0.000585
0.000591
0.000500
0.000453
0.000454
0.000439
0.000449
0.000440
0.000448
0.000435
0.000446
0.000425
0.000432
0.000454
0.000438
0.000446
0.000434
0.000450
0.000445
0.000460
0.000460
0.000468
0.000566
0.000611
0.000467
0.000485
0.000464
0.000474
0.000484
0.000525
0.000727
0.000536
0.000494
0.000533
0.000496
0.000524
0.000495
0.000539
0.000486
0.000508
0.000485
0.000473
0.000471
0.000468
0.000460
0.000467
0.000485
0.000461
0.000505
0.000466
0.000485
0.000470
0.000472
0.000466
0.000491
0.000502
0.000569
0.000736
0.000787
0.001511
0.000650
0.000578
0.000912
0.000587
0.000608
0.000868
0.001594
0.001033
0.000727
0.000590
0.000578
0.000562
0.000545
0.000590
0.000649
0.000630
0.000724
0.000985
0.000626
0.000694
0.000594
0.000595
0.000554
0.000581
0.000563
0.000534
0.000595
0.000616
0.000639
0.000566
0.000583
0.000529
0.000503
0.000523
0.000498
0.000622
0.000492
0.000507
0.000502
0.000533
0.000963
0.000500
0.000531
0.000493
0.000523
0.000508
0.000691
0.000787
0.000562
0.000545
0.000529
0.000510
0.000508
0.000513
0.000485
0.000507
0.000496
0.000518
0.000505
0.000548
0.000531
0.000512
0.000515
0.000510
0.000512
0.000502
0.000564
0.000491
0.000506
0.000514
0.000510
0.000488
0.000510
0.000483
0.000509
0.000504
0.000627
0.000547
0.000526
0.000523
0.000558
0.000570
0.000853
0.000614
0.000606
0.000555
0.000553
0.000538
0.000517
0.000514
0.000531
0.000526
0.000561
0.000522
0.000547
0.000538
0.000595
0.000550
0.000528
0.000536
0.000526
0.000541
0.000501
0.000538
0.000518
0.000662
0.000656
0.000640
0.000615
0.000619
0.000592
0.000651
0.000583
0.000648
0.000627
0.000936
0.000603
0.000733
0.000872
0.001040
0.001048
0.000701
0.000652
0.000671
0.000670
0.000676
0.002012
0.001667
0.000813
0.000754
0.000673
0.000686
0.000650
0.000609
0.000679
0.001024
0.000796
0.000676
0.000643
0.000646
0.000596
0.000596
0.000572
0.000546
0.000536
0.000571
0.000573
0.000626
0.000583
0.000562
0.000583
0.000564
0.000735
0.000693
0.000731
0.000669
0.000627
0.000638
0.000613
0.000600
0.000622
0.000595
0.000586
0.000571
0.001088
0.000563
0.000603
0.000606
0.000577
0.000590
0.000613
0.000757
0.000707
0.000661
0.000665
0.000622
0.000610
0.000594
0.000639
0.000673
0.000603
0.000622
0.000608
0.000669
0.000702
0.000651
0.000674
0.000628
0.000623
0.000608
0.000582
0.000591
0.000603
0.000588
0.000614
0.000567
0.000723
0.000768
0.000791
0.000736
0.000807
0.000678
0.000638
0.000759
0.000743
0.000723
0.000705
0.000693
0.000893
0.000709
0.000725
0.001091
0.000785
0.001925
0.001734
0.000874
0.000768
0.000804
0.000768
0.000753
0.000811
0.001169
0.001017
0.000874
0.000794
0.000705
0.000718
0.000694
0.000640
0.000787
0.000837
0.000668
0.000620
0.000814
0.000717
0.000666
0.000627
0.000630
0.000637
0.000609
0.000624
0.000577
0.000611
0.000607
0.000579
0.000746
0.000774
0.000617
0.000672
0.000697
0.000627
0.000724
0.000632
0.000620
0.000630
0.000616
0.000599
0.000681
0.000649
0.000687
0.000698
0.000678
0.000657
0.000655
0.000718
0.000624
0.000641
0.000641
0.000684
0.000662
0.000777
0.000685
0.000678
0.000642
0.000611
0.000687
0.000692
0.000657
0.000675
0.000709
0.000805
0.001283
0.001026
0.001071
0.001043
0.001000
0.000937
0.000971
0.000977
0.002158
0.001134
0.001017
0.000833
0.000821
0.000759
0.001129
0.000845
0.001195
0.001647
0.001017
0.000827
0.000800
0.000801
0.000780
0.000807
0.001142
0.001045
0.000952
0.000876
0.000967
0.000872
0.000829
0.001323
0.001682
0.000945
0.000798
0.000767
0.000711
0.000725
0.000746
0.000675
0.000691
0.000684
0.000632
0.000671
0.000679
0.000646
0.000664
0.000673
0.000658
0.000656
0.000656
0.000644
0.000717
0.000700
0.000721
0.000693
0.000691
0.000712
0.000686
0.000674
0.000646
0.000736
0.000676
0.000640
0.000651
0.000619
0.000661
0.000679
0.000701
0.000787
0.000751
0.000733
0.000711
0.000733
0.000790
0.000723
0.000666
0.000705
0.000678
0.000654
0.000683
0.000717
0.000761
0.000736
0.000764
0.000739
0.000727
0.000704
0.000689
0.000683
0.000714
0.000767
0.000687
0.000783
0.000796
0.001219
0.001349
0.001049
0.001259
0.001005
0.001350
0.001449
0.000932
0.001136
0.000955
0.001049
0.001047
0.001438
0.001250
0.001067
0.001234
0.000975
0.001355
0.001369
0.000852
0.000832
0.000813
0.000805
0.000781
0.000693
0.000705
0.000696
0.000668
0.000717
0.000847
0.001044
0.000841
0.000811
0.000746
0.000737
0.000756
0.000685
0.001200
0.000720
0.000719
0.000712
0.000774
0.000708
0.000731
0.000719
0.000687
0.000707
0.000695
0.000791
0.000777
0.000727
0.000788
0.000830
0.000833
0.000831
0.000859
0.000888
0.000876
0.000798
0.000763
0.000717
0.000741
0.000735
0.000688
0.000728
0.000697
0.000702
0.000740
0.000691
0.000895
0.000826
0.000787
0.000791
0.000852
0.000888
0.000862
0.000866
0.000828
0.001208
0.001011
0.001847
0.001466
0.000944
0.000936
0.001082
0.000934
0.000879
0.001273
0.001169
0.001386
0.000965
0.000905
0.000782
0.000903
0.001057
0.000889
0.000786
0.000809
0.000888
0.000834
0.000870
0.000959
0.000808
0.000782
0.000768
0.000755
0.000705
0.000760
0.000839
0.000830
0.000835
0.000735
0.000773
0.000754
0.000734
0.000706
0.000727
0.000707
0.000696
0.000707
0.000805
0.000698
0.000678
0.000690
0.000721
0.000686
0.000710
0.000785
0.000734
0.000749
0.000739
0.000745
0.000735
0.000774
0.000772
0.000740
0.000761
0.000780
0.000739
0.000770
0.000759
0.000729
0.000871
0.000781
0.000747
0.000732
0.000724
0.000726
0.000714
0.000696
0.000835
0.000802
0.000948
0.000944
0.000978
0.000884
0.000958
0.001333
0.000903
0.001972
0.002060
0.000928
0.001425
0.000965
0.000958
0.001372
0.001292
0.001468
0.001283
0.001162
0.000904
0.001172
0.001199
0.000908
0.000947
0.000908
0.000874
0.000909
0.000854
0.000825
0.000866
0.000833
0.000904
0.000846
0.000806
0.000775
0.000799
0.000804
0.000786
0.000836
0.000780
0.000837
0.000831
0.000807
0.000803
0.000795
0.000800
0.000779
0.000770
0.000775
0.000762
0.000806
0.000819
0.000984
0.000888
0.000881
0.000885
0.000873
0.000784
0.000900
0.000815
0.000852
0.000784
0.000777
0.000785
0.000825
0.000846
0.000768
0.000730
0.000725
0.000716
0.000766
0.000712
0.000791
0.000894
0.001225
0.001038
0.000997
0.001997
0.001974
0.002425
0.001127
0.001195
0.001297
0.001061
0.001599
0.001328
0.001157
0.001084
0.001379
0.001190
0.002028
0.001062
0.000901
0.000878
0.000850
0.000813
0.000791
0.000779
0.000791
0.000893
0.001114
0.000945
0.001067
0.000928
0.000967
0.000960
0.000847
0.000840
0.000845
0.000840
0.000807
0.000825
0.000822
0.000776
0.000780
0.000781
0.000760
0.000781
0.000742
0.000858
0.001017
0.001086
0.001021
0.000937
0.000958
0.000897
0.000874
0.000858
0.000796
0.000792
0.000872
0.000825
0.000815
0.000856
0.000850
0.001375
0.000878
0.000914
0.001269
0.001011
0.000947
0.000935
0.000922
0.001667
0.001189
0.001779
0.001532
0.001100
0.001097
0.001022
0.001134
0.002069
0.001434
0.001135
0.001088
0.001051
0.000892
0.001154
0.001162
0.000976
0.001032
0.000910
0.000908
0.000863
0.000894
0.000848
0.000911
0.000880
0.000861
0.000903
0.000814
0.000812
0.000827
0.000790
0.000795
0.000771
0.000772
0.000774
0.000821
0.000818
0.000824
0.000864
0.000852
0.000941
0.000892
0.000806
0.000987
0.000922
0.000807
0.000828
0.000840
0.000813
0.000823
0.000841
0.000838
0.000848
0.000818
0.000838
0.000836
0.000780
0.000800
0.000792
0.000879
0.000858
0.000838
0.000837
0.001029
0.001144
0.001205
0.001142
0.001049
0.001101
0.001668
0.001903
0.001898
0.001246
0.001040
0.001032
0.001082
0.001662
0.001503
0.001546
0.001295
0.001085
0.001041
0.001369
0.001012
0.000944
0.000975
0.001083
0.000969
0.000943
0.000898
0.000967
0.000908
0.000915
0.000918
0.000883
0.000864
0.000849
0.000907
0.000858
0.000914
0.000890
0.000893
0.001022
0.001108
0.001214
0.001002
0.000970
0.000950
0.001028
0.001051
0.000941
0.000984
0.000941
0.000942
0.000926
0.000908
0.001003
0.001591
0.000938
0.000933
0.000938
0.000909
0.000837
0.000829
0.000848
0.000865
0.000965
0.000950
0.001033
0.001026
0.001005
0.001336
0.001213
0.001859
0.001582
0.001059
0.001264
0.001228
0.001281
0.001489
