0.000150
0.000174
0.000179
0.000169
0.000173
0.000172
0.000227
0.000283
0.000179
0.000180
0.000183
0.000193
0.000208
0.000202
0.000208
0.000208
0.000206
0.000220
0.000200
0.000190
0.000201
0.000194
0.000203
0.000709
0.000233
0.000198
0.000192
0.000198
0.000200
0.000238
0.000215
0.000254
0.000216
0.000216
0.000200
0.000200
0.000200
0.000200
0.000214
0.000199
0.000193
0.000197
0.000198
0.000217
0.000200
0.000198
0.000199
0.000197
0.000213
0.000200
0.000201
0.000197
0.000206
0.000217
0.000203
0.000202
0.000199
0.000197
0.000219
0.000207
0.000188
0.000194
0.000189
0.000203
0.000192
0.000189
0.000201
0.000188
0.000204
0.000194
0.000194
0.000192
0.000191
0.000204
0.000193
0.000193
0.000198
0.000196
0.000208
0.000196
0.000195
0.000197
0.000196
0.000229
0.000209
0.000191
0.000204
0.000192
0.000207
0.000192
0.000192
0.000191
0.000192
0.000203
0.000200
0.000197
0.000195
0.000197
0.000210
0.000196
0.000194
0.000201
0.000204
0.000217
0.000205
0.000205
0.000203
0.000215
0.000217
0.000204
0.000209
0.000206
0.000205
0.000218
0.000219
0.000207
0.000261
0.000219
0.000205
0.000211
0.000209
0.000212
0.000227
0.000212
0.000207
0.000207
0.000206
0.000230
0.000756
0.000224
0.000209
0.000209
0.000207
0.000218
0.000210
0.000211
0.000211
0.000222
0.000226
0.000209
0.000227
0.000220
0.000222
0.000236
0.000236
0.000207
0.000202
0.000231
0.000195
0.000198
0.000196
0.000197
0.000936
0.000220
0.000197
0.000196
0.000195
0.000223
0.000210
0.000198
0.000197
0.000193
0.000198
0.000211
0.000195
0.000197
0.000196
0.000194
0.000210
0.000199
0.000198
0.000195
0.000195
0.000210
0.000196
0.000198
0.000197
0.000196
0.000212
0.000208
0.000204
0.000199
0.000193
0.000220
0.000211
0.000209
0.000220
0.000210
0.000261
0.000202
0.000211
0.000193
0.000213
0.000200
0.000197
0.000197
0.000198
0.000208
0.000200
0.000195
0.000196
0.000193
0.000213
0.000199
0.000194
0.000198
0.000210
0.000210
0.000195
0.000198
0.000196
0.000197
0.000232
0.000204
0.000203
0.000197
0.000201
0.000217
0.000201
0.000197
0.000200
0.000201
0.000214
0.000228
0.000199
0.000199
0.000199
0.000350
0.000239
0.000201
0.000219
0.000213
0.000196
0.000733
0.000198
0.000199
0.000200
0.000203
0.000217
0.000202
0.000200
0.000198
0.000201
0.000216
0.000197
0.000202
0.000199
0.000198
0.000213
0.000197
0.000202
0.000215
0.000203
0.000211
0.000207
0.000200
0.000201
0.000201
0.000336
0.000210
0.000212
0.000249
0.000245
0.000200
0.000208
0.000201
0.000274
0.000208
0.000198
0.000203
0.000202
0.000226
0.000199
0.000202
0.000201
0.000200
0.000219
0.000201
0.000201
0.000213
0.000215
0.000203
0.000205
0.000200
0.000205
0.000218
0.000204
0.000208
0.000212
0.000204
0.000266
0.000213
0.000210
0.000207
0.000202
0.000266
0.000202
0.000200
0.000217
0.000216
0.000201
0.000202
0.000204
0.000202
0.000218
0.000198
0.000201
0.000222
0.000203
0.000217
0.000202
0.000202
0.000200
0.000203
0.000217
0.000202
0.000202
0.000200
0.000206
0.000224
0.000200
0.000206
0.000201
0.000214
0.000201
0.000203
0.000199
0.000202
0.000214
0.000204
0.000201
0.000200
0.000203
0.000214
0.000214
0.000202
0.000202
0.000201
0.000906
0.000257
0.000226
0.000223
0.000247
0.000202
0.000248
0.000203
0.000201
0.000211
0.000220
0.000203
0.000204
0.000206
0.000206
0.000229
0.000204
0.000205
0.000205
0.000207
0.000220
0.000217
0.000206
0.000203
0.000203
0.000239
0.000204
0.000206
0.000204
0.000217
0.000207
0.000206
0.000204
0.000206
0.000223
0.000201
0.000205
0.000206
0.000203
0.000219
0.000209
0.000205
0.000203
0.000203
0.000217
0.000204
0.000204
0.000201
0.000221
0.000218
0.000205
0.000204
0.000220
0.000220
0.000204
0.000203
0.000204
0.000204
0.000221
0.000202
0.000206
0.000207
0.000205
0.000218
0.000208
0.000202
0.000202
0.000200
0.000223
0.000202
0.000202
0.000205
0.000204
0.000233
0.000220
0.000244
0.000227
0.000223
0.000213
0.000184
0.000183
0.000182
0.000200
0.000188
0.000184
0.000182
0.000186
0.000196
0.000186
0.000182
0.000181
0.000181
0.000182
0.000199
0.000182
0.000183
0.000180
0.000182
0.000196
0.000185
0.000182
0.000182
0.000207
0.000196
0.000226
0.001463
0.000214
0.000222
0.000224
0.000175
0.000171
0.000174
0.000186
0.000174
0.000172
0.000172
0.000174
0.000172
0.000183
0.000172
0.000173
0.000170
0.000175
0.000174
0.000183
0.000171
0.000173
0.000172
0.000171
0.000186
0.000172
0.000179
0.000174
0.000170
0.000171
0.000185
0.000176
0.000172
0.000171
0.000172
0.000170
0.000183
0.000173
0.000173
0.000173
0.000173
0.000187
0.000174
0.000175
0.000172
0.000186
0.000176
0.000190
0.000173
0.000176
0.000173
0.000174
0.000175
0.000188
0.000173
0.000176
0.000183
0.000184
0.000237
0.000210
0.000201
0.000196
0.000183
0.000187
0.000176
0.000175
0.000175
0.000171
0.000175
0.000189
0.000173
0.000173
0.000176
0.000173
0.000185
0.000172
0.000173
0.000175
0.000172
0.000174
0.000266
0.000178
0.000174
0.000175
0.000173
0.000202
0.000178
0.000172
0.000172
0.000173
0.000173
0.000182
0.000177
0.000172
0.000172
0.000175
0.000171
0.000183
0.000178
0.000174
0.000184
0.000173
0.000182
0.000174
0.000172
0.000175
0.000682
0.000175
0.000177
0.000175
0.000176
0.000188
0.000175
0.000176
0.000175
0.000175
0.000174
0.000188
0.000187
0.000177
0.000177
0.000173
0.000187
0.000176
0.000179
0.000174
0.000178
0.000175
0.000184
0.000178
0.000175
0.000176
0.000176
0.000186
0.000174
0.000175
0.000177
0.000176
0.000177
0.000185
0.000176
0.000176
0.000175
0.000176
0.000186
0.000175
0.000177
0.000176
0.000178
0.000174
0.000188
0.000176
0.000183
0.000193
0.000177
0.000176
0.000184
0.000175
0.000175
0.000174
0.000179
0.000184
0.000175
0.000180
0.000174
0.000177
0.000177
0.000225
0.000177
0.000177
0.000176
0.000176
0.000193
0.000178
0.000178
0.000180
0.000182
0.000176
0.000192
0.000178
0.000179
0.000178
0.000177
0.000191
0.000178
0.000187
0.000178
0.000181
0.000178
0.000191
0.000176
0.000177
0.000178
0.000178
0.000189
0.000178
0.000178
0.000178
0.000176
0.000177
0.000191
0.000180
0.000176
0.000178
0.000178
0.000188
0.000180
0.000179
0.000176
0.000206
0.000698
0.000179
0.000180
0.000189
0.000193
0.000178
0.000176
0.000177
0.000180
0.000189
0.000176
0.000179
0.000178
0.000177
0.000188
0.000178
0.000178
0.000182
0.000176
0.000177
0.000189
0.000180
0.000178
0.000177
0.000178
0.000188
0.000178
0.000177
0.000176
0.000176
0.000180
0.000191
0.000182
0.000189
0.000181
0.000180
0.000192
0.000181
0.000181
0.000181
0.000178
0.000179
0.000269
0.000186
0.000179
0.000183
0.000179
0.000193
0.000180
0.000180
0.000191
0.000181
0.000191
0.000181
0.000177
0.000179
0.000181
0.000179
0.000200
0.000178
0.000188
0.000178
0.000180
0.000200
0.000182
0.000182
0.000180
0.000179
0.000179
0.000194
0.000182
0.000179
0.000181
0.000179
0.000192
0.000179
0.000180
0.000179
0.000182
0.000188
0.000182
0.000179
0.000181
0.000180
0.000178
0.000200
0.000180
0.000179
0.000179
0.000179
0.000197
0.000182
0.000195
0.000178
0.000180
0.000181
0.000193
0.000179
0.000179
0.000183
0.000183
0.000198
0.000187
0.000182
0.000212
0.000185
0.000845
0.000187
0.000248
0.000192
0.000189
0.000193
0.000223
0.000215
0.000184
0.000182
0.000188
0.000192
0.000206
0.000193
0.000185
0.000189
0.000197
0.000279
0.000266
0.000269
0.000209
0.000198
0.000186
0.000182
0.000186
0.000184
0.000185
0.000199
0.000187
0.000186
0.000182
0.000185
0.000203
0.000184
0.000185
0.000196
0.000193
0.000211
0.000191
0.000188
0.000194
0.000193
0.000197
0.000185
0.000184
0.000199
0.000185
0.000206
0.000186
0.000185
0.000194
0.000184
0.000185
0.000201
0.000186
0.000181
0.000185
0.000183
0.000199
0.000185
0.000186
0.000191
0.000192
0.000199
0.000191
0.000192
0.000193
0.000190
0.000209
0.000191
0.000191
0.000190
0.000190
0.000189
0.000208
0.000194
0.000189
0.000190
0.000206
0.000204
0.000191
0.000194
0.000188
0.000188
0.000208
0.000191
0.000191
0.000193
0.000190
0.000205
0.000194
0.000219
0.000226
0.000231
0.000336
0.000204
0.000214
0.000191
0.000278
0.000195
0.000193
0.000195
0.000192
0.000208
0.000217
0.000935
0.000194
0.000191
0.000198
0.000216
0.000205
0.000201
0.000203
0.000199
0.000230
0.000197
0.000190
0.000192
0.000192
0.000221
0.000192
0.000196
0.000190
0.000192
0.000205
0.000190
0.000206
0.000192
0.000195
0.000209
0.000195
0.000192
0.000192
0.000203
0.000202
0.000194
0.000194
0.000190
0.000191
0.000206
0.000194
0.000191
0.000205
0.000190
0.000206
0.000193
0.000191
0.000191
0.000192
0.000211
0.000193
0.000191
0.000192
0.000191
0.000202
0.000196
0.000192
0.000192
0.000193
0.000200
0.000193
0.000204
0.000195
0.000192
0.000204
0.000193
0.000230
0.000199
0.000192
0.000211
0.000196
0.000192
0.000194
0.000193
0.000286
0.000269
0.000221
0.000195
0.000195
0.000214
0.000193
0.000191
0.000195
0.000194
0.000202
0.000194
0.000191
0.000191
0.000191
0.000210
0.000191
0.000191
0.000207
0.000193
0.000203
0.000194
0.000210
0.000198
0.000198
0.000212
0.000210
0.000199
0.000203
0.000203
0.000221
0.000199
0.000193
0.000195
0.000193
0.000208
0.000966
0.000191
0.000190
0.000196
0.000192
0.000205
0.000197
0.000198
0.000192
0.000192
0.000203
0.000194
0.000196
0.000198
0.000193
0.000200
0.000196
0.000192
0.000194
0.000191
0.000203
0.000195
0.000194
0.000193
0.000193
0.000204
0.000194
0.000195
0.000231
0.000192
0.000201
