0.000546
0.001309
0.002058
0.002947
0.003782
0.004659
0.005142
0.005845
0.004661
0.004145
0.004817
0.004680
0.005008
0.005537
0.005712
0.006395
0.004357
0.003436
0.003719
0.005187
0.005557
0.004683
0.005387
0.006070
0.005878
0.006426
0.006240
0.006901
0.007346
0.007583
0.007343
0.007451
0.007312
0.005002
0.004323
0.004530
0.004482
0.004483
0.004624
0.004936
0.005544
0.005968
0.005263
0.005454
0.005403
0.005559
0.006020
0.005903
0.005967
0.005887
0.006457
0.005863
0.005690
0.005747
0.007226
0.006313
0.006282
0.006072
0.006350
0.006436
0.006409
0.007120
0.007490
0.006613
0.006237
0.004583
0.004407
0.004719
0.004466
0.003764
0.004377
0.003903
0.003903
0.003924
0.004135
0.004151
0.004081
0.004133
0.004472
0.004767
0.004718
0.004507
0.005099
0.004458
0.004608
0.004716
0.004808
0.004783
0.005127
0.014354
0.011642
0.008767
0.008741
0.009626
0.007891
0.008649
0.006678
0.008702
0.007088
0.008690
0.006262
0.006880
0.005818
0.005968
0.006190
0.006344
0.006285
0.006203
0.007196
0.007285
0.007341
0.006916
0.006772
0.006854
0.006739
0.008017
0.007954
0.007450
0.007159
0.007351
0.007259
0.008248
0.011432
0.008319
0.007997
0.007653
0.006860
0.006708
0.006492
0.006334
0.007159
0.006966
0.005734
0.005273
0.005611
0.004262
0.004458
0.004465
0.004204
0.003842
0.004099
0.003780
0.003878
0.003845
0.004075
0.004473
0.004324
0.004109
0.004913
0.004154
0.004039
0.004061
0.004300
0.003899
0.003999
0.004187
0.004099
0.004204
0.004179
0.004245
0.004359
0.004966
0.004569
0.005789
0.004478
0.004362
0.004436
0.004460
0.004438
0.004539
0.004892
0.004948
0.005699
0.005348
0.004718
0.004738
0.004711
0.004679
0.005968
0.005173
0.005984
0.004830
0.004967
0.004954
0.005614
0.006406
0.005660
0.005039
0.005096
0.006016
0.007409
0.006720
0.006348
0.005814
0.005458
0.005650
0.005849
0.005822
0.006034
0.006491
0.006446
0.005978
0.005465
0.005558
0.005126
0.005118
0.007151
0.011506
0.011346
0.007440
0.006723
0.006400
0.006504
0.006428
0.006783
0.008743
0.008921
0.006781
0.006492
0.007098
0.008453
0.007229
0.006961
0.007392
0.009275
0.006978
0.007212
0.006617
0.007232
0.007380
0.007994
0.007540
0.007603
0.008296
0.007421
0.007326
0.006867
0.009078
0.006747
0.006658
0.006333
0.006384
0.006041
0.006091
0.006230
0.007376
0.007361
0.006589
0.006133
0.006032
0.006210
0.005859
0.006339
0.007468
0.006632
0.007129
0.008111
0.006935
0.007094
0.007545
0.007011
0.007054
0.008552
0.005412
0.005642
0.005142
0.005086
0.006265
0.005632
0.005450
0.005344
0.004794
0.004501
0.004615
0.004370
0.003915
0.003795
0.004060
0.004415
0.004568
0.004114
0.006355
0.004600
0.003653
0.003813
0.003763
0.003678
0.003564
0.003776
0.004033
0.003689
0.003688
0.003833
0.004630
0.004969
0.005513
0.003965
0.005261
0.005180
0.003775
0.003842
0.003727
0.003825
0.003626
0.003811
0.004162
0.005268
0.003996
0.004370
0.004996
0.004034
0.004029
0.004130
0.004382
0.005509
0.004360
0.007231
0.004880
0.004016
0.005803
0.005562
0.004427
0.005768
0.005420
0.004865
0.006022
0.004931
0.004781
0.005912
0.006987
0.006324
0.005904
0.005474
0.004898
0.004611
0.004423
0.004503
0.004417
0.004670
0.005695
0.005654
0.005915
0.005056
0.004898
0.005310
0.004920
0.005229
0.005545
0.007183
0.005950
0.006007
0.005976
0.005364
0.005288
0.005311
0.005371
0.005492
0.005362
0.005392
0.005508
0.007450
0.006315
0.006678
0.005403
0.005699
0.005668
0.005396
0.005830
0.007336
0.006901
0.006128
0.006016
0.006446
0.006867
0.005489
0.006205
0.005539
0.005440
0.008273
0.007381
0.006519
0.005916
0.005981
0.008563
0.008017
0.006882
0.006553
0.006130
0.006062
0.007411
0.010813
0.008472
0.006068
0.006355
0.006223
0.006025
0.005816
0.005538
0.009503
0.006996
0.006354
0.006012
0.006904
0.007402
0.006836
0.007162
0.006350
0.007228
0.007641
0.008405
0.006391
0.007560
0.007883
0.007855
0.006956
0.006348
0.007419
0.007642
0.007849
0.006470
0.006677
0.005908
0.005621
0.005461
0.006715
0.006084
0.006515
0.005395
0.005431
0.005321
0.005383
0.006687
0.007651
0.006324
0.006706
0.006137
0.005868
0.006031
0.009140
0.007903
0.006608
0.006511
0.006544
0.006608
0.007643
0.008604
0.007883
0.006853
0.006702
0.007101
0.006783
0.006845
0.006382
0.006710
0.007981
0.007366
0.007244
0.006860
0.006624
0.006561
0.007137
0.007832
0.008546
0.007183
0.005620
0.007936
0.007205
0.006820
0.006082
0.006664
0.008760
0.007541
0.007105
0.007535
0.009381
0.009079
0.007875
0.007317
0.007712
0.007084
0.007601
0.007564
0.008347
0.008089
0.006013
0.005946
0.005852
0.006287
0.006090
0.006110
0.006991
0.007847
0.008582
0.007478
0.007055
0.007277
0.007238
0.008620
0.008278
0.008080
0.008014
0.010282
0.009682
0.007535
0.007876
0.008741
0.008226
0.007183
0.007609
0.008433
0.008303
0.007916
0.006766
0.007922
0.008683
0.007995
0.006244
0.008215
0.009030
0.009053
0.008035
0.007780
0.007656
0.006318
0.005968
0.005527
0.005999
0.005091
0.005141
0.005520
0.006923
0.005787
0.006079
0.007032
0.005967
0.005540
0.005169
0.005505
0.006161
0.006524
0.006331
0.004683
0.005192
0.005419
0.005063
0.005653
0.005945
0.005227
0.004771
0.004968
0.004746
0.004634
0.004788
0.005024
0.005620
0.005761
0.006105
0.005691
0.004586
0.004796
0.004582
0.005152
0.004458
0.004645
0.004306
0.003796
0.003917
0.004225
0.006196
0.004109
0.004950
0.005050
0.005074
0.005176
0.006039
0.004675
0.004738
0.006753
0.006245
0.005347
0.005784
0.005175
0.004532
0.004760
0.004739
0.004436
0.004646
0.006793
0.004974
0.006308
0.005201
0.004949
0.005542
0.005004
0.004819
0.005126
0.007009
0.007596
0.005676
0.004965
0.005196
0.007765
0.004800
0.005056
0.005380
0.007461
0.006254
0.004985
0.005173
0.005718
0.005249
0.004910
0.005868
0.005821
0.009189
0.006801
0.005985
0.004821
0.005041
0.004864
0.005009
0.006147
0.007346
0.005918
0.006896
0.005424
0.005406
0.007120
0.005503
0.006853
0.010943
0.006206
0.006408
0.007016
0.005539
0.004966
0.006088
0.005271
0.004943
0.006332
0.005850
0.007541
0.006802
0.005749
0.005364
0.006812
0.008101
0.006681
0.006220
0.005712
0.005995
0.005819
0.005683
0.008518
0.007112
0.008210
0.006687
0.005667
0.005463
0.005787
0.005558
0.005473
0.005307
0.005643
0.007034
0.006010
0.007456
0.005492
0.005743
0.005318
0.005309
0.005716
0.005866
0.007298
0.007243
0.005500
0.005461
0.005474
0.005103
0.005432
0.007261
0.007254
0.006371
0.006958
0.005408
0.005497
0.005418
0.005393
0.005755
0.007454
0.006154
0.006129
0.005596
0.005848
0.005384
0.005530
0.005471
0.008210
0.006776
0.006324
0.006085
0.005630
0.005619
0.005309
0.005540
0.008353
0.007540
0.006553
0.006255
0.005939
0.007379
0.006166
0.009303
0.005566
0.006050
0.005671
0.005514
0.006186
0.007426
0.007020
0.006233
0.005788
0.005846
0.005594
0.005598
0.005858
0.009438
0.007751
0.007015
0.008075
0.007079
0.006308
0.006547
0.006421
0.007334
0.008453
0.006315
0.006435
0.005878
0.006168
0.008315
0.006852
0.006780
0.005951
0.006625
0.008908
0.006589
0.006853
0.005686
0.006174
0.005856
0.005595
0.007494
0.006549
0.008171
0.007844
0.006147
0.005825
0.005874
0.007287
0.008475
0.009934
0.007152
0.008153
0.005996
0.007767
0.006041
0.006621
0.007994
0.008056
0.007740
0.007018
0.006299
0.008098
0.007939
0.006750
0.005929
0.006342
0.006152
0.005975
0.007069
0.007675
0.006776
0.006726
0.005954
0.006429
0.005859
0.006836
0.008996
0.009111
0.007616
0.007090
0.005966
0.006023
0.006527
0.007560
0.007055
0.007038
0.006079
0.006112
0.005676
0.005171
0.005353
0.005158
0.005167
0.005663
0.007295
0.006460
0.006945
0.006099
0.006027
0.005895
0.005749
0.006274
0.008338
0.008455
0.006912
0.006676
0.006586
0.006488
0.006416
0.008215
0.007702
0.007395
0.006326
0.006646
0.006090
0.007991
0.008408
0.007801
0.006817
0.006401
0.008115
0.007084
0.007728
0.006740
0.007470
0.006556
0.006426
0.008119
0.008249
0.007015
0.006510
0.006528
0.005768
0.005361
0.005713
0.005390
0.005842
0.006468
0.007032
0.007833
0.008248
0.005548
0.005873
0.005560
0.006533
0.009570
0.007904
0.007317
0.006703
0.008135
0.007843
0.008168
0.007047
0.008291
0.008925
0.008598
0.006878
0.007345
0.008908
0.007891
0.007178
0.008187
0.009019
0.008135
0.007531
0.007234
0.009267
0.009489
0.008093
0.008659
0.007045
0.007725
0.008489
0.007966
0.007834
0.007865
0.006702
0.006805
0.007278
0.007902
0.008371
0.007622
0.007017
0.009834
0.007800
0.007657
0.007073
0.007437
0.006853
0.008409
0.007997
0.007887
0.007108
0.006845
0.006328
0.005876
0.008233
0.007343
0.007677
0.006246
0.007071
0.008000
0.008465
0.008037
0.007374
0.009159
0.009078
0.007856
0.007424
0.008984
0.008049
0.007569
0.007899
0.007690
0.007541
0.008883
0.008841
0.007689
0.007298
0.007659
0.007117
0.007315
0.006867
0.007301
0.009955
0.008078
0.008176
0.007467
0.007231
0.007276
0.008309
0.007335
0.008270
0.007381
0.009379
0.009061
0.010899
0.007551
0.009191
0.008634
0.008248
0.008580
0.010226
0.008104
0.007774
0.008019
0.009498
0.008844
0.007859
0.007735
0.007397
0.007516
0.009393
0.008491
0.008073
0.007461
0.007414
0.007618
0.009460
0.007327
0.007014
0.006318
0.008487
0.007877
0.008959
0.007704
0.008873
0.009221
0.009587
0.008281
0.007862
0.007640
0.008907
0.010473
0.008833
0.008056
0.007040
0.007684
0.010606
0.008517
0.008714
0.007675
0.009521
0.008638
0.008142
0.007372
0.010076
0.008742
