0.002488
0.001366
0.001345
0.001377
0.001330
0.001244
0.001212
0.001270
0.001180
0.001251
0.001286
0.001386
0.001195
0.001230
0.001259
0.001185
0.001173
0.001224
0.001203
0.001202
0.001169
0.001187
0.001212
0.001230
0.001132
0.001195
0.001195
0.001172
0.001229
0.001198
0.001164
0.001204
0.001185
0.001155
0.001183
0.001215
0.001224
0.001189
0.001187
0.001230
0.001278
0.001307
0.001336
0.001364
0.001563
0.001733
0.001218
0.001198
0.001183
0.001192
0.001180
0.001199
0.001400
0.001874
0.001312
0.001292
0.001237
0.001191
0.001227
0.001218
0.001198
0.001228
0.001200
0.001202
0.001195
0.001324
0.001333
0.001399
0.001290
0.001275
0.001202
0.001268
0.001205
0.001241
0.001249
0.001223
0.001237
0.001194
0.001212
0.001338
0.001230
0.001254
0.001234
0.001229
0.001258
0.001244
0.001249
0.001252
0.001218
0.001257
0.001256
0.001271
0.001307
0.001409
0.001309
0.001434
0.001480
0.001896
0.001338
0.001349
0.001298
0.001272
0.001319
0.001321
0.002235
0.001378
0.001327
0.001264
0.001282
0.001269
0.001229
0.001250
0.001325
0.001338
0.001278
0.001321
0.001342
0.001306
0.001298
0.001330
0.001274
0.001272
0.001273
0.001258
0.001245
0.001229
0.001296
0.001320
0.001308
0.001319
0.001266
0.001278
0.001282
0.001263
0.001237
0.001305
0.001255
0.001264
0.001333
0.001295
0.001303
0.001286
0.001307
0.001641
0.001470
0.001436
0.001434
0.002070
0.001388
0.001455
0.001348
0.001314
0.001265
0.002050
0.001515
0.001387
0.001357
0.001377
0.001300
0.001311
0.001340
0.001305
0.001287
0.001314
0.001296
0.001320
0.001274
0.001276
0.001294
0.001275
0.001300
0.001307
0.001304
0.001351
0.001320
0.001274
0.001294
0.001307
0.001441
0.001490
0.001363
0.001474
0.001525
0.001520
0.001463
0.001660
0.001555
0.001449
0.001500
0.001477
0.001385
0.001770
0.001679
0.001474
0.002072
0.001522
0.001326
0.001328
0.001330
0.001408
0.002264
0.001481
0.001477
0.001549
0.001447
0.001510
0.001520
0.001742
0.001709
0.001753
0.002103
0.001750
0.001877
0.003443
0.001462
0.001420
0.001414
0.001354
0.001336
0.002318
0.002415
0.001778
0.001623
0.001488
0.001424
0.001449
0.001438
0.001340
0.001361
0.002659
0.002711
0.001676
0.001646
0.001598
0.001462
0.001423
0.001428
0.001425
0.001547
0.003264
0.001809
0.001671
0.001528
0.001456
0.001425
0.001472
0.001451
0.001395
0.002409
0.003693
0.001918
0.001663
0.001516
0.001483
0.001485
0.001454
0.001473
0.003572
0.002278
0.001992
0.001747
0.001539
0.001458
0.001430
0.001465
0.001585
0.005373
0.001893
0.001771
0.001629
0.001583
0.001524
0.001622
0.001577
0.002674
0.001674
0.001653
0.001555
0.001533
0.001579
0.001640
0.001692
0.001610
0.001642
0.002342
0.001639
0.001597
0.001530
0.001559
0.001512
0.001584
0.001518
0.001597
0.001568
0.001674
0.001588
0.001588
0.001539
0.001505
0.001509
0.001555
0.001577
0.001540
0.001634
0.001558
0.001563
0.001808
0.001747
0.001619
0.002577
0.001574
0.001535
0.001518
0.001825
0.002399
0.001624
0.001564
0.001543
0.001679
0.001728
0.001602
0.001572
0.001583
0.001677
0.001719
0.001630
0.001605
0.001730
0.001850
0.001861
0.001683
0.001478
0.001434
0.001464
0.001383
0.001339
0.001384
0.001473
0.001446
0.001402
0.001383
0.001408
0.001324
0.001359
0.001375
0.001444
0.001391
0.001390
0.001742
0.001714
0.001573
0.002482
0.001434
0.001540
0.001544
0.001666
0.002672
0.001967
0.001941
0.001739
0.001689
0.001588
0.001619
0.001933
0.002840
0.001920
0.001964
0.001783
0.001648
0.002449
0.001580
0.001491
0.001562
0.002178
0.001918
0.001881
0.001712
0.001782
0.002388
0.001515
0.001505
0.001519
0.001805
0.003217
0.001901
0.001744
0.001990
0.002215
0.001652
0.001581
0.001646
0.002810
0.001940
0.001799
0.001706
0.002655
0.001569
0.001603
0.001785
0.002525
0.001913
0.001823
0.001738
0.002670
0.001630
0.001617
0.001716
0.001952
0.002063
0.001849
0.001767
0.001693
0.002508
0.001679
0.001678
0.001541
0.001638
0.003023
0.002104
0.001859
0.001733
0.002629
0.001738
0.001666
0.001694
0.002725
0.001876
0.001616
0.002804
0.001620
0.001728
0.001611
0.001594
0.001831
0.002852
0.001874
0.001853
0.001824
0.002619
0.001863
0.001693
0.001619
0.001510
0.001456
0.001524
0.001619
0.001572
0.001572
0.001430
0.001576
0.001520
0.001525
0.001509
0.001478
0.001425
0.001505
0.001588
0.001639
0.001715
0.002379
0.001488
0.001508
0.001513
0.002369
0.001615
0.001528
0.001514
0.001476
0.001414
0.001422
0.001479
0.001478
0.001426
0.001445
0.001487
0.001466
0.001476
0.001536
0.001687
0.001445
0.001474
0.001432
0.001454
0.001456
0.001455
0.001424
0.001422
0.001447
0.001536
0.001483
0.001478
0.001464
0.001412
0.001389
0.001433
0.001356
0.001460
0.001407
0.001433
0.001551
0.001549
0.001650
0.001621
0.001549
0.002392
0.001507
0.001649
0.002370
0.001580
0.001550
0.001615
0.001543
0.001463
0.001520
0.001481
0.001513
0.001507
0.001501
0.001490
0.001513
0.001416
0.001445
0.001572
0.001551
0.001513
0.001508
0.001501
0.001511
0.001495
0.001514
0.001460
0.001464
0.001452
0.001445
0.001442
0.001446
0.001471
0.001434
0.001431
0.001542
0.001527
0.001487
0.001591
0.001583
0.001786
0.001771
0.002180
0.001808
0.001625
0.002417
0.001591
0.001578
0.001511
0.001478
0.001510
0.001462
0.001460
0.001417
0.001445
0.001578
0.001495
0.001550
0.001493
0.001485
0.001522
0.001523
0.001564
0.001539
0.001478
0.001593
0.001639
0.001698
0.001653
0.001769
0.001651
0.001559
0.001521
0.001492
0.001474
0.001490
0.001487
0.001489
0.001459
0.001435
0.001478
0.001522
0.001746
0.001623
0.001754
0.002210
0.001469
0.001829
0.002140
0.001521
0.001510
0.001472
0.001442
0.001445
0.001454
0.001509
0.001493
0.001469
0.001529
0.001484
0.001515
0.001509
0.001513
0.001476
0.001460
0.001468
0.001517
0.001522
0.001507
0.001547
0.001470
0.001440
0.001497
0.001463
0.001479
0.001451
0.001451
0.001420
0.001447
0.001485
0.001496
0.001519
0.001469
0.001501
0.001478
0.001622
0.001800
0.001649
0.002365
0.001553
0.001531
0.002304
0.001589
0.001552
0.001583
0.001563
0.001495
0.001516
0.001494
0.001651
0.001705
0.001546
0.001520
0.001531
0.001441
0.001477
0.001481
0.001513
0.001473
0.001526
0.001469
0.001528
0.001477
0.001509
0.001450
0.001582
0.001441
0.001517
0.001430
0.001474
0.001439
0.001480
0.001440
0.001521
0.001438
0.001475
0.001465
0.001596
0.001626
0.001596
0.001581
0.002434
0.001521
0.001842
0.002033
0.001688
0.001540
0.001496
0.001523
0.001481
0.001432
0.001475
0.001447
0.001521
0.001495
0.001813
0.001697
0.001556
0.001552
0.001549
0.001487
0.001530
0.001449
0.001472
0.001485
0.001428
0.001530
0.001600
0.001553
0.001714
0.001629
0.001655
0.001643
0.001629
0.001737
0.001767
0.001567
0.001535
0.001451
0.001622
0.001850
0.001649
0.001856
0.002165
0.001630
0.002512
0.001659
0.001573
0.001539
0.001519
0.001482
0.001530
0.001536
0.001532
0.001624
0.001598
0.001573
0.001615
0.001560
0.001602
0.001534
0.001570
0.001538
0.001544
0.001591
0.001682
0.001526
0.001500
0.001522
0.001524
0.001490
0.001597
0.001542
0.001547
0.001522
0.001571
0.001704
0.001649
0.001582
0.001514
0.001609
0.001728
0.001682
0.001679
0.002860
0.002364
0.002162
0.001786
0.001886
0.001763
0.001814
0.001894
0.001829
0.001733
0.001904
0.003115
0.001737
0.001719
0.001678
0.001590
0.001592
0.001860
0.001650
0.003746
0.001967
0.001768
0.001706
0.001617
0.001725
0.001613
0.001636
0.002436
0.002818
0.002030
0.001980
0.001725
0.001789
0.001633
0.001626
0.001774
0.003313
0.002033
0.001807
0.001756
0.001659
0.001656
0.001557
0.001593
0.002350
0.002754
0.001943
0.001821
0.001733
0.001664
0.001676
0.001638
0.001600
0.002968
0.003265
0.001956
0.002000
0.001798
0.001733
0.001739
0.001722
0.003267
0.002148
0.002144
0.002401
0.002219
0.001870
0.001991
0.003880
0.002474
0.001900
0.001861
0.001892
0.002015
0.001988
0.001840
0.002713
0.001781
0.001658
0.001661
0.001623
0.001611
0.001610
0.001587
0.001603
0.001708
0.001626
0.001601
0.001576
0.001507
0.001615
0.001591
0.001578
0.001529
0.001619
0.001805
0.001648
0.001563
0.001582
0.001624
0.001880
0.001699
0.002618
0.001621
0.001658
0.002680
0.001881
0.001757
0.001674
0.001697
0.001707
0.001582
0.001700
0.001663
0.001678
0.001607
0.001647
0.001542
0.001590
0.001568
0.001608
0.001537
0.001651
0.001655
0.001564
0.001556
0.001483
0.001540
0.001498
0.001561
0.001480
0.001512
0.001522
0.001468
0.001493
0.001533
0.001601
0.001550
0.001578
0.001646
0.001726
0.001726
0.001923
0.002328
0.001611
0.002358
0.001637
0.001636
0.001588
0.001549
0.001753
0.002086
0.002197
0.002186
0.002300
0.002383
0.002171
0.002053
0.002371
0.002104
0.001945
0.001831
0.001915
0.001904
0.002336
0.003075
0.001712
0.001587
0.001650
0.001585
0.003608
0.002248
0.001982
0.001963
0.001690
0.001714
0.001606
0.001603
0.003268
0.002435
0.001939
0.001839
0.001749
0.001693
0.001710
0.001645
0.002990
0.002212
0.002165
0.002379
0.002260
0.002214
0.002235
0.003969
0.003676
0.002289
0.002032
0.002081
0.002075
0.002362
0.004697
0.002329
0.002230
0.002243
0.002044
0.001920
0.003195
0.002385
0.001934
0.001841
0.001884
0.001770
0.001799
0.001787
0.003083
0.001975
0.001852
0.001817
0.001752
0.001812
0.001714
0.001712
0.001776
0.002045
0.002016
0.002017
0.001835
0.001733
0.001712
0.001720
0.001670
0.001670
0.001717
0.001738
0.001867
0.001729
0.002055
0.002299
0.001620
0.001679
0.001776
0.002573
