0.004702
0.002176
0.001976
0.001873
0.001863
0.001827
0.001749
0.002922
0.001685
0.001528
0.001574
0.001444
0.001408
0.002565
0.001558
0.001319
0.001584
0.002279
0.001429
0.001441
0.001328
0.001337
0.001328
0.001288
0.001266
0.001264
0.001370
0.001447
0.001444
0.001316
0.001390
0.001318
0.001509
0.001513
0.001524
0.001525
0.002492
0.001581
0.001827
0.002511
0.001560
0.001531
0.001288
0.001281
0.001249
0.001280
0.001241
0.001230
0.001352
0.001236
0.001319
0.001203
0.001249
0.001361
0.001402
0.001332
0.001297
0.001290
0.002126
0.001276
0.001264
0.001235
0.001261
0.001858
0.001389
0.001243
0.001233
0.001254
0.001930
0.001275
0.001194
0.001310
0.001241
0.001267
0.001369
0.001294
0.001252
0.001247
0.001229
0.001371
0.001417
0.001388
0.001358
0.002271
0.001281
0.001254
0.001340
0.001955
0.001335
0.001267
0.001269
0.001238
0.001216
0.001245
0.001187
0.001261
0.001220
0.001220
0.001235
0.001263
0.001228
0.001258
0.001252
0.001376
0.001503
0.001448
0.001366
0.002313
0.001404
0.001298
0.001295
0.002115
0.001423
0.001308
0.001277
0.001260
0.001316
0.001246
0.001294
0.001247
0.001248
0.001205
0.001199
0.001298
0.001244
0.001223
0.001299
0.001301
0.001416
0.001553
0.001422
0.001393
0.002419
0.001309
0.001313
0.002011
0.001433
0.001305
0.001316
0.001328
0.001339
0.001312
0.001280
0.001260
0.001309
0.001255
0.001272
0.001350
0.001361
0.001300
0.001288
0.001525
0.001662
0.001528
0.001483
0.002328
0.001320
0.001327
0.001674
0.001839
0.001391
0.001385
0.001324
0.001304
0.001348
0.001290
0.001332
0.001297
0.001314
0.001296
0.001380
0.001313
0.001328
0.001439
0.001478
0.001602
0.001479
0.001401
0.002302
0.001334
0.001327
0.001585
0.002092
0.001426
0.001338
0.001364
0.001293
0.001330
0.001321
0.001320
0.001316
0.001248
0.001290
0.001333
0.001405
0.001552
0.001667
0.001514
0.001461
0.001551
0.002145
0.001348
0.001365
0.001383
0.002238
0.001525
0.001458
0.001364
0.001420
0.001388
0.001342
0.001322
0.001346
0.001280
0.001288
0.001359
0.001356
0.001402
0.001393
0.001449
0.001601
0.001545
0.001600
0.002421
0.001367
0.001379
0.001658
0.002089
0.001432
0.001374
0.001343
0.001320
0.001356
0.001282
0.001354
0.001402
0.001358
0.001360
0.001391
0.001374
0.001398
0.001349
0.001459
0.001569
0.001556
0.001456
0.002257
0.001379
0.001362
0.002340
0.001475
0.001438
0.001405
0.001344
0.001371
0.001405
0.001483
0.001398
0.001385
0.001369
0.001374
0.001392
0.001422
0.001390
0.001458
0.001601
0.001572
0.001529
0.001899
0.001983
0.001394
0.002179
0.001455
0.001382
0.001390
0.001438
0.001451
0.001494
0.001406
0.001445
0.001398
0.001377
0.001478
0.001344
0.001366
0.001343
0.001403
0.001452
0.001659
0.001573
0.001590
0.002293
0.001497
0.002163
0.001530
0.001422
0.001404
0.001353
0.001326
0.001366
0.001334
0.001355
0.001426
0.001365
0.001436
0.001408
0.001399
0.001357
0.001391
0.001537
0.001567
0.001593
0.001524
0.002224
0.001585
0.002316
0.001530
0.001429
0.001416
0.001386
0.001439
0.001434
0.001424
0.001413
0.001418
0.001392
0.001409
0.001437
0.001438
0.001475
0.001565
0.002216
0.001701
0.002304
0.001816
0.001463
0.002172
0.001515
0.001504
0.001410
0.001472
0.001411
0.001391
0.001436
0.001394
0.001409
0.001463
0.001903
0.001592
0.001480
0.001573
0.001596
0.001630
0.001812
0.003054
0.005588
0.002274
0.001516
0.001445
0.001438
0.001373
0.001397
0.001419
0.001385
0.001490
0.001455
0.001413
0.001499
0.001630
0.001652
0.001562
0.002145
0.001676
0.001428
0.001421
0.002345
0.001604
0.001437
0.001455
0.001371
0.001393
0.001386
0.001390
0.001369
0.001346
0.001371
0.001408
0.001448
0.001509
0.001449
0.001406
0.001413
0.001432
0.001392
0.001408
0.001436
0.001403
0.001480
0.001381
0.001370
0.001371
0.001378
0.001369
0.001412
0.001370
0.001372
0.001413
0.001731
0.001676
0.001634
0.002333
0.001431
0.001376
0.001408
0.001395
0.001421
0.001385
0.001376
0.001504
0.001452
0.001648
0.002137
0.001590
0.001471
0.001419
0.001413
0.001449
0.001436
0.001446
0.001487
0.001427
0.001493
0.001431
0.001450
0.001459
0.001560
0.001685
0.001599
0.001605
0.002368
0.001485
0.001607
0.002207
0.001519
0.001448
0.001419
0.001396
0.001433
0.001517
0.001440
0.001508
0.001459
0.001485
0.001452
0.001471
0.001463
0.001430
0.001409
0.001421
0.002463
0.001679
0.001560
0.001524
0.001435
0.001375
0.001445
0.001461
0.001587
0.001467
0.001570
0.001575
0.001622
0.001568
0.001633
0.001641
0.001634
0.001694
0.001691
0.001675
0.001530
0.002678
0.001498
0.001545
0.001577
0.002203
0.001519
0.001477
0.001455
0.001458
0.001427
0.001457
0.001522
0.001510
0.001431
0.001511
0.001476
0.001523
0.001654
0.001736
0.001630
0.002388
0.001465
0.001519
0.001522
0.001665
0.002331
0.001537
0.001450
0.001561
0.001535
0.001531
0.001471
0.001440
0.001416
0.001533
0.001411
0.001535
0.001681
0.001660
0.001665
0.001620
0.001624
0.002609
0.001478
0.001538
0.002315
0.001621
0.001771
0.001774
0.001833
0.001705
0.001731
0.001818
0.001744
0.001834
0.002119
0.002906
0.002301
0.003686
0.002464
0.002453
0.003573
0.002231
0.002015
0.002073
0.001957
0.001901
0.001849
0.001838
0.002741
0.002382
0.003755
0.001859
0.001838
0.001757
0.002439
0.001987
0.001726
0.001739
0.001646
0.001706
0.001726
0.001605
0.001561
0.001816
0.001845
0.001950
0.001808
0.001707
0.001754
0.002535
0.001794
0.001714
0.001847
0.002308
0.001662
0.001630
0.001665
0.001589
0.001597
0.001703
0.001756
0.002112
0.001831
0.002006
0.002313
0.001932
0.003160
0.001909
0.001901
0.002219
0.002450
0.001901
0.001794
0.001761
0.001850
0.001992
0.001768
0.001667
0.001696
0.001659
0.001873
0.001852
0.001814
0.002845
0.001790
0.001724
0.001637
0.002570
0.001715
0.001614
0.001580
0.001569
0.001560
0.001612
0.001543
0.001512
0.001510
0.001518
0.001585
0.001722
0.001708
0.001836
0.001815
0.001748
0.002615
0.001631
0.001991
0.001955
0.001603
0.001749
0.001855
0.001857
0.001683
0.001589
0.001576
0.001651
0.001608
0.001629
0.001904
0.002372
0.002342
0.003181
0.001886
0.002054
0.002414
0.001791
0.001660
0.001543
0.001685
0.001614
0.001568
0.001616
0.001616
0.001680
0.001579
0.001860
0.001963
0.001858
0.001725
0.002574
0.001589
0.001617
0.001940
0.002266
0.001669
0.001607
0.001560
0.001563
0.001654
0.001646
0.001641
0.001607
0.001652
0.001706
0.001824
0.001736
0.001752
0.002714
0.001644
0.001672
0.001610
0.001942
0.002325
0.001642
0.001641
0.001647
0.001584
0.001535
0.001550
0.001520
0.001486
0.001733
0.001630
0.001626
0.001749
0.001654
0.001976
0.002522
0.001600
0.001562
0.001898
0.002354
0.001640
0.001549
0.001530
0.001506
0.001541
0.001540
0.001563
0.001605
0.001766
0.001748
0.001754
0.001759
0.001704
0.002520
0.001582
0.001633
0.001530
0.001914
0.002854
0.001741
0.001690
0.001774
0.001829
0.001675
0.001601
0.001716
0.001987
0.001881
0.002048
0.002327
0.002011
0.002959
0.001966
0.002124
0.002401
0.002006
0.001759
0.001675
0.001733
0.001698
0.001663
0.001715
0.001701
0.001797
0.001698
0.001700
0.001864
0.001861
0.001731
0.002879
0.001636
0.001646
0.001818
0.002355
0.001718
0.001671
0.001585
0.001634
0.001612
0.001621
0.001636
0.001569
0.001666
0.001548
0.001645
0.001811
0.001778
0.001710
0.002981
0.001747
0.001774
0.002556
0.001733
0.001712
0.001671
0.001601
0.001685
0.001600
0.001570
0.001618
0.001549
0.001592
0.001696
0.001864
0.001813
0.001803
0.002416
0.001819
0.001655
0.001536
0.002367
0.001807
0.001622
0.001734
0.001727
0.001604
0.001651
0.001524
0.001526
0.001636
0.001573
0.001701
0.001598
0.002637
0.001672
0.002799
0.001589
0.001612
0.001617
0.002359
0.001608
0.001610
0.001556
0.001546
0.001582
0.001546
0.001562
0.001578
0.001655
0.001598
0.001638
0.001787
0.001891
0.001660
0.002484
0.001595
0.001502
0.001498
0.002652
0.001747
0.001634
0.001611
0.001506
0.001528
0.001544
0.001471
0.001484
0.001503
0.001573
0.001619
0.001613
0.001784
0.001736
0.001696
0.002791
0.001677
0.001547
0.001636
0.002317
0.001654
0.001591
0.001620
0.001602
0.001611
0.001588
0.001562
0.001635
0.001631
0.001642
0.001755
0.001686
0.001701
0.002615
0.001768
0.001692
0.001710
0.001694
0.002355
0.001686
0.001581
0.001568
0.001519
0.001594
0.001552
0.001590
0.001600
0.001582
0.001580
0.001624
0.001802
0.001762
0.001762
0.002556
0.001566
0.001590
0.001540
0.002104
0.002136
0.001636
0.001620
0.001533
0.001555
0.001556
0.001573
0.001526
0.001490
0.001544
0.001566
0.001689
0.001792
0.001692
0.001652
0.002598
0.001620
0.001654
0.001598
0.002408
0.001727
0.001638
0.001662
0.001627
0.001709
0.001600
0.001616
0.001692
0.002066
0.001735
0.001640
0.001738
0.001813
0.001784
0.002330
0.002178
0.001655
0.002422
0.001841
0.001686
0.001866
0.002065
0.002660
0.001758
0.001727
0.001722
0.001692
0.001596
0.001670
0.002044
0.001782
0.001716
0.002503
0.001599
0.001699
0.002558
0.001709
0.001705
0.001559
0.001564
0.001554
0.001565
0.001532
0.001516
0.001563
0.001512
0.001851
0.001885
0.001777
0.001637
0.002588
0.001596
0.001574
0.001530
0.002420
0.001792
0.001737
0.001665
0.001731
0.001678
0.001681
0.001809
0.001787
0.001779
0.001862
0.001758
0.001955
0.001977
0.002268
0.002556
0.001684
0.001659
0.002468
0.001718
0.001621
0.001564
0.001552
0.001579
0.001565
0.001548
0.001540
0.001743
0.001685
0.001853
0.002053
0.002147
0.001827
0.002664
0.001912
0.001698
