0.000436
0.001342
0.001977
0.002869
0.003735
0.004485
0.005211
0.006064
0.004031
0.003690
0.004235
0.004454
0.005077
0.005533
0.005738
0.006185
0.004373
0.003331
0.003540
0.003786
0.004068
0.004182
0.004491
0.004583
0.004746
0.004966
0.005145
0.005462
0.005733
0.005825
0.006220
0.005740
0.005423
0.003564
0.003356
0.003456
0.003595
0.003945
0.003790
0.003932
0.003917
0.004037
0.004160
0.004158
0.004315
0.004445
0.004522
0.004517
0.004715
0.004916
0.005009
0.004987
0.005323
0.005210
0.005479
0.005441
0.005418
0.005555
0.005687
0.005737
0.006402
0.006569
0.006694
0.006533
0.005831
0.005286
0.004930
0.003995
0.003575
0.003502
0.003362
0.003519
0.003525
0.003634
0.003685
0.003738
0.003863
0.003842
0.004058
0.004027
0.004121
0.003991
0.004151
0.004102
0.004144
0.004221
0.004252
0.004372
0.004386
0.004279
0.004383
0.004565
0.004664
0.004659
0.004658
0.004935
0.004800
0.004802
0.004841
0.005017
0.005103
0.004809
0.005363
0.005598
0.005107
0.007979
0.006250
0.005534
0.005207
0.005426
0.005417
0.005446
0.005362
0.005552
0.005606
0.005616
0.007146
0.005969
0.005629
0.006047
0.005842
0.005853
0.005999
0.006009
0.005808
0.005779
0.005603
0.005673
0.005264
0.005436
0.004786
0.005351
0.005023
0.004354
0.003781
0.003886
0.003845
0.003457
0.003374
0.003714
0.003539
0.003501
0.003528
0.003600
0.004003
0.004122
0.003667
0.003619
0.004242
0.003662
0.003678
0.003654
0.003853
0.003867
0.004088
0.003880
0.003984
0.004182
0.003824
0.003983
0.003993
0.004027
0.004096
0.004043
0.004112
0.004765
0.004155
0.004081
0.004095
0.004206
0.004263
0.004457
0.004254
0.004297
0.004423
0.004373
0.004335
0.004291
0.004446
0.004498
0.004623
0.004397
0.004618
0.004823
0.004645
0.004837
0.004747
0.005061
0.004616
0.004645
0.004661
0.004721
0.004623
0.004734
0.004713
0.004825
0.004910
0.004895
0.004824
0.005063
0.004867
0.005415
0.005116
0.005141
0.004979
0.005063
0.005089
0.005155
0.005244
0.005260
0.005203
0.005374
0.005429
0.005489
0.005755
0.005300
0.005528
0.005277
0.005277
0.005352
0.005502
0.005425
0.005405
0.005750
0.005711
0.005621
0.005999
0.005401
0.005610
0.005757
0.005831
0.005765
0.005889
0.005627
0.005776
0.006244
0.006195
0.006694
0.006119
0.005961
0.006021
0.006292
0.005909
0.006165
0.005840
0.006004
0.005741
0.005787
0.005674
0.005819
0.005789
0.005693
0.005717
0.005778
0.006301
0.005253
0.005451
0.005627
0.005633
0.005390
0.005656
0.004937
0.004969
0.004781
0.004777
0.004625
0.004691
0.004679
0.004757
0.003985
0.003817
0.004020
0.004018
0.003777
0.003700
0.003690
0.004303
0.003611
0.003750
0.003427
0.003721
0.003652
0.003852
0.003551
0.003855
0.003857
0.003568
0.003629
0.003536
0.003735
0.003674
0.003852
0.003622
0.003813
0.003980
0.003694
0.003742
0.003729
0.003793
0.004002
0.003770
0.003946
0.004751
0.003873
0.003852
0.003774
0.004079
0.004044
0.004057
0.003894
0.004312
0.003991
0.003891
0.003876
0.004056
0.004388
0.004784
0.004062
0.005321
0.004423
0.004151
0.004299
0.004333
0.004341
0.004031
0.004044
0.004632
0.004121
0.004067
0.004337
0.004435
0.004456
0.004202
0.004132
0.004762
0.004154
0.004226
0.004367
0.004657
0.004279
0.004145
0.004715
0.004287
0.004289
0.004367
0.004641
0.004969
0.004346
0.004246
0.004885
0.004399
0.004385
0.004342
0.004451
0.004415
0.004463
0.004464
0.004527
0.004474
0.004495
0.004914
0.005335
0.004481
0.005336
0.004561
0.004578
0.004577
0.004713
0.004808
0.004614
0.005560
0.004814
0.004738
0.005090
0.005351
0.005629
0.004786
0.005496
0.004888
0.004843
0.005153
0.005056
0.004734
0.005477
0.004779
0.004687
0.005039
0.004984
0.005128
0.004890
0.005690
0.004870
0.004894
0.005514
0.005888
0.005050
0.005743
0.005024
0.004914
0.005808
0.005924
0.005025
0.005398
0.005311
0.004950
0.005202
0.005463
0.005737
0.004954
0.005976
0.005217
0.005070
0.005425
0.005754
0.005159
0.005776
0.005384
0.005270
0.005444
0.005588
0.005148
0.006078
0.005314
0.005283
0.005442
0.005742
0.005306
0.006072
0.005294
0.005194
0.005634
0.006103
0.005237
0.006016
0.005305
0.005395
0.006182
0.005734
0.005613
0.006220
0.005395
0.005608
0.005451
0.005359
0.005522
0.005483
0.005387
0.005863
0.006276
0.005573
0.005610
0.006206
0.005662
0.005866
0.006224
0.005645
0.006010
0.005653
0.005672
0.005739
0.006007
0.005680
0.006324
0.005641
0.005696
0.005798
0.006027
0.006284
0.006691
0.005568
0.005997
0.006370
0.005678
0.006604
0.005881
0.005934
0.006114
0.006584
0.006661
0.005939
0.005893
0.006202
0.006391
0.005893
0.006620
0.005896
0.006384
0.006353
0.006006
0.006602
0.005924
0.005925
0.006283
0.006447
0.005842
0.006576
0.005926
0.005957
0.006389
0.005784
0.006528
0.005890
0.005826
0.006918
0.005933
0.006405
0.005963
0.005679
0.005616
0.005724
0.005613
0.005560
0.005356
0.005609
0.005637
0.006914
0.005452
0.006105
0.005760
0.005029
0.005987
0.005498
0.005342
0.005852
0.005017
0.005089
0.005091
0.005079
0.004892
0.004906
0.004684
0.004806
0.004928
0.005030
0.005343
0.004589
0.005091
0.004438
0.004294
0.004218
0.004685
0.004544
0.004356
0.003865
0.004779
0.003922
0.004043
0.004012
0.003731
0.003814
0.003986
0.003666
0.003815
0.003754
0.003870
0.003799
0.004120
0.006366
0.004368
0.003708
0.004461
0.003704
0.003628
0.003569
0.003684
0.004072
0.004202
0.003802
0.003678
0.004573
0.003772
0.003833
0.003829
0.004021
0.004227
0.003720
0.003709
0.004555
0.003676
0.003707
0.003638
0.004120
0.004264
0.003888
0.003652
0.003898
0.004495
0.003773
0.003724
0.003873
0.004069
0.004251
0.003795
0.004517
0.006362
0.004939
0.003797
0.003956
0.003817
0.003851
0.004614
0.003988
0.003954
0.003885
0.003934
0.003913
0.003903
0.003910
0.003996
0.003997
0.004003
0.003922
0.004063
0.003905
0.004065
0.004350
0.004001
0.003981
0.004745
0.004058
0.004274
0.004032
0.004267
0.004962
0.004060
0.004116
0.004895
0.003978
0.004091
0.004070
0.004009
0.004026
0.004038
0.004061
0.004018
0.004115
0.004055
0.004150
0.004432
0.004496
0.004154
0.004069
0.004968
0.004118
0.003988
0.004377
0.004209
0.004176
0.004027
0.004307
0.004167
0.004198
0.004164
0.004515
0.004196
0.004884
0.004086
0.005127
0.004177
0.004236
0.004313
0.005053
0.004700
0.004139
0.004330
0.005114
0.004302
0.004361
0.004382
0.004232
0.004356
0.004287
0.004304
0.004153
0.004427
0.004543
0.004634
0.005251
0.004423
0.005351
0.004487
0.004419
0.004250
0.004816
0.005160
0.004924
0.005538
0.005276
0.004488
0.005329
0.008523
0.005686
0.009013
0.005680
0.008635
0.006066
0.005861
0.007759
0.005624
0.009486
0.006061
0.009334
0.011489
0.009106
0.006684
0.007650
0.006551
0.005953
0.007201
0.008861
0.005519
0.005517
0.006586
0.007041
0.008616
0.008590
0.007589
0.006912
0.005711
0.006593
0.005472
0.006396
0.005897
0.005911
0.006081
0.005609
0.005706
0.005898
0.006942
0.005987
0.006910
0.006229
0.006794
0.006168
0.005749
0.005685
0.005803
0.005656
0.006112
0.006576
0.005651
0.006380
0.005700
0.005740
0.008158
0.006664
0.008773
0.006360
0.008093
0.006025
0.005801
0.007904
0.005755
0.008758
0.006106
0.005947
0.008277
0.005756
0.009384
0.006122
0.007935
0.006151
0.006062
0.009191
0.006529
0.007455
0.006090
0.006301
0.006245
0.006296
0.006249
0.006024
0.006107
0.006147
0.006660
0.006768
0.005718
0.005254
0.005252
0.005131
0.005083
0.005010
0.004925
0.005074
0.004914
0.005108
0.005980
0.005109
0.005885
0.005115
0.005231
0.005530
0.006093
0.005128
0.006209
0.005255
0.005140
0.005078
0.005068
0.004937
0.005053
0.005095
0.005126
0.004935
0.005289
0.005533
0.005101
0.006064
0.005305
0.005141
0.005592
0.005840
0.005187
0.006152
0.005090
0.005959
0.005365
0.005167
0.005265
0.005362
0.005063
0.005244
0.005855
0.005904
0.005345
0.006060
0.005304
0.005217
0.005593
0.005693
0.005917
0.006033
0.005337
0.005365
0.005372
0.005397
0.005315
0.005200
0.005378
0.005507
0.005435
0.006214
0.005231
0.006286
0.005505
0.005272
0.005749
0.006989
0.005651
0.006424
0.005400
0.005892
0.006141
0.006893
0.006575
0.005407
0.005562
0.005651
0.005704
0.005687
0.005541
0.005488
0.005489
0.005763
0.005950
0.005436
0.006242
0.005568
0.005675
0.005767
0.007354
0.006525
0.005498
0.005592
0.005810
0.005652
0.005534
0.005570
0.005579
0.005509
0.005862
0.006321
0.005802
0.007280
0.005621
0.007040
0.007307
0.005835
0.008927
0.006791
0.009630
0.006797
0.008963
0.007066
0.010926
0.007330
0.009893
0.006825
0.009985
0.006921
0.008932
0.006945
0.008025
0.007003
0.006734
0.007132
0.006091
0.006078
0.007178
0.006634
0.005758
0.006136
0.005796
0.005691
0.005848
0.005906
0.005768
0.005799
0.005949
0.006456
0.006711
0.005954
0.005897
0.006249
0.006662
0.005853
0.006957
0.005954
0.005875
0.007031
0.006409
0.007146
0.005839
0.005920
0.005984
0.005812
0.005898
0.005953
0.005919
0.006306
0.007997
0.007719
0.007481
0.005978
0.008330
0.005932
0.010442
0.007585
0.008786
0.007378
0.009043
0.007169
0.009596
0.007493
0.007660
0.008719
0.009123
0.008107
0.008308
0.006808
0.006330
0.006966
0.006103
0.007250
0.006047
0.006098
0.007412
0.006467
0.006897
0.006087
0.006096
0.006086
0.006143
0.006126
0.006041
0.005964
0.006213
0.006528
0.006034
0.006918
0.005994
0.006288
0.006273
0.006349
0.005909
0.006187
0.006155
0.006217
0.006794
0.007128
0.006149
0.006237
0.006716
0.007154
0.007097
0.006129
0.005949
0.006103
0.006043
0.005993
