0.000275
0.000279
0.000354
0.000346
0.000357
0.000412
0.000374
0.000474
0.000401
0.000369
0.000406
0.000374
0.000419
0.000452
0.000391
0.000448
0.000412
0.000466
0.002276
0.001047
0.000553
0.000458
0.000462
0.000438
0.000451
0.000473
0.000494
0.000670
0.000483
0.000459
0.000477
0.000495
0.000501
0.000620
0.000690
0.000593
0.000569
0.000516
0.000496
0.000466
0.000472
0.000471
0.000478
0.000453
0.000474
0.000459
0.000472
0.000458
0.000483
0.000465
0.000513
0.000478
0.000481
0.000471
0.000504
0.000475
0.000491
0.000480
0.000481
0.000482
0.000503
0.000482
0.000486
0.000482
0.000478
0.000489
0.000524
0.000653
0.000569
0.000737
0.000630
0.000549
0.000523
0.000543
0.000492
0.000516
0.000493
0.000511
0.000512
0.000513
0.000486
0.000507
0.000504
0.000508
0.000514
0.000505
0.000504
0.000508
0.000498
0.000509
0.000508
0.000518
0.000515
0.000533
0.000494
0.000524
0.000522
0.000634
0.000644
0.000650
0.000711
0.000640
0.000737
0.000597
0.000603
0.001865
0.000741
0.001702
0.001310
0.000817
0.000698
0.000644
0.000688
0.000667
0.000636
0.000695
0.000885
0.001289
0.001069
0.001229
0.001109
0.001014
0.000855
0.001097
0.001198
0.000720
0.000635
0.000617
0.000616
0.000638
0.000595
0.000604
0.000619
0.000591
0.000612
0.000673
0.000766
0.000691
0.000697
0.000817
0.000751
0.000748
0.000691
0.000688
0.000669
0.000725
0.000721
0.000704
0.000638
0.000630
0.000608
0.000606
0.000599
0.000582
0.000580
0.000611
0.000575
0.000587
0.000578
0.000728
0.000611
0.000601
0.000640
0.000681
0.000694
0.000722
0.000754
0.000735
0.000676
0.000637
0.000624
0.000631
0.000600
0.000598
0.000637
0.000644
0.000662
0.000645
0.000651
0.000635
0.000624
0.000618
0.000821
0.000700
0.000656
0.000662
0.000636
0.000627
0.000637
0.000923
0.000855
0.001098
0.001520
0.000852
0.001104
0.000832
0.001286
0.002736
0.001504
0.001127
0.001059
0.001139
0.001683
0.002117
0.002063
0.001820
0.001737
0.002236
0.001100
0.001145
0.001228
0.001258
0.002208
0.001087
0.000928
0.001039
0.000940
0.000921
0.000985
0.000986
0.001118
0.000930
0.000865
0.000830
0.000811
0.000812
0.000785
0.000805
0.000787
0.000976
0.002986
0.001105
0.000982
0.000926
0.001136
0.001080
0.001042
0.001016
0.001073
0.000988
0.000920
0.000969
0.001013
0.001059
0.001921
0.001451
0.001236
0.001574
0.001138
0.001830
0.002429
0.002078
0.001462
0.001136
0.001129
0.001218
0.001421
0.002746
0.001256
0.001544
0.001360
0.001329
0.001206
0.001365
0.001099
0.000950
0.001051
0.001036
0.000950
0.000912
0.001037
0.000912
0.000903
0.000886
0.000875
0.000840
0.000807
0.000881
0.000861
0.000922
0.000891
0.000799
0.000812
0.000779
0.000803
0.000830
0.000865
0.001073
0.001041
0.001064
0.000911
0.000876
0.000845
0.000854
0.000827
0.000801
0.000783
0.000769
0.000726
0.000747
0.000788
0.000851
0.000857
0.000843
0.001089
0.001051
0.001032
0.000958
0.000919
0.000944
0.001238
0.001326
0.001858
0.001350
0.001004
0.000969
0.001104
0.001031
0.001533
0.001595
0.001245
0.001123
0.000994
0.001015
0.001344
0.001050
0.000955
0.000954
0.000936
0.000895
0.000905
0.000846
0.000824
0.000764
0.000834
0.001421
0.001089
0.000943
0.001047
0.000902
0.000887
0.000849
0.000845
0.000908
0.000854
0.000807
0.000811
0.000790
0.000807
0.000784
0.000872
0.000842
0.000992
0.001382
0.001037
0.000935
0.000914
0.000878
0.000885
0.001451
0.000906
0.000938
0.000966
0.000899
0.000866
0.000877
0.000842
0.000839
0.000850
0.001360
0.001888
0.001778
0.001675
0.001130
0.001653
0.001534
0.002131
0.001277
0.001123
0.001261
0.001603
0.002195
0.001849
0.001331
0.001150
0.001342
0.001371
0.001024
0.000999
0.000980
0.000949
0.001431
0.001561
0.001438
0.001063
0.001027
0.000977
0.000976
0.000924
0.000915
0.000926
0.000918
0.000925
0.000937
0.000905
0.001057
0.000903
0.000879
0.000830
0.000831
0.000939
0.001265
0.001106
0.001000
0.000934
0.000876
0.000927
0.000877
0.000893
0.000908
0.000947
0.000966
0.001026
0.000946
0.000938
0.000918
0.000929
0.001032
0.001073
0.001063
0.001056
0.001096
0.001656
0.001346
0.001936
0.001402
0.001792
0.002198
0.002060
0.001304
0.001263
0.001182
0.001037
0.001366
0.001365
0.001104
0.001174
0.001067
0.000994
0.000968
0.000958
0.000980
0.000956
0.001081
0.001142
0.001066
0.001092
0.001008
0.000936
0.000918
0.000894
0.000896
0.000966
0.000968
0.000934
0.001118
0.001008
0.000997
0.000979
0.000991
0.001056
0.001355
0.001169
0.001138
0.001116
0.001027
0.001036
0.001209
0.001001
0.000970
0.000975
0.000942
0.000959
0.000960
0.001058
0.001237
0.001485
0.001372
0.001456
0.001402
0.001845
0.002257
0.001791
0.001192
0.001213
0.001346
0.002483
0.001909
0.001443
0.001398
0.001381
0.001567
0.001171
0.001167
0.001314
0.001088
0.001093
0.001039
0.001037
0.001028
0.001199
0.001280
0.001358
0.001081
0.001048
0.001010
0.000981
0.000970
0.000963
0.000963
0.000915
0.000980
0.000985
0.000983
0.001790
0.001092
0.001095
0.001054
0.001011
0.000992
0.000999
0.001041
0.001053
0.001030
0.000976
0.000968
0.000945
0.000955
0.000971
0.001035
0.001500
0.002050
0.001340
0.001267
0.001420
0.001769
0.002001
0.001381
0.001373
0.001252
0.001547
0.002399
0.001676
0.002172
0.001963
0.002057
0.001222
0.001201
0.001187
0.001129
0.001224
0.001223
0.001121
0.001085
0.001086
0.001056
0.001046
0.001076
0.001039
0.001163
0.000995
0.001009
0.000949
0.000917
0.000936
0.000965
0.000996
0.001676
0.001176
0.001145
0.001033
0.001009
0.000989
0.000970
0.000987
0.001026
0.001032
0.000991
0.001038
0.000981
0.001000
0.001042
0.001218
0.001399
0.001335
0.001440
0.001898
0.001667
0.002091
0.001365
0.001313
0.001579
0.002026
0.001718
0.001430
0.001375
0.001239
0.001969
0.001592
0.001224
0.001185
0.001116
0.001788
0.001291
0.001512
0.001246
0.001219
0.001160
0.001111
0.001068
0.001039
0.001015
0.001012
0.001061
0.001004
0.001072
0.001123
0.001103
0.001152
0.001381
0.001340
0.001172
0.001219
0.001284
0.001135
0.001075
0.001091
0.001100
0.001076
0.001043
0.001159
0.001138
0.001255
0.001210
0.001525
0.001856
0.001882
0.001906
0.002664
0.001705
0.001724
0.001353
0.002085
0.001889
0.001978
0.001811
0.001987
0.001686
0.001249
0.001478
0.001154
0.001157
0.001123
0.001483
0.001237
0.001179
0.001190
0.001165
0.001133
0.001130
0.001101
0.001087
0.001279
0.001134
0.001088
0.001178
0.001278
0.001262
0.001597
0.001323
0.001182
0.001164
0.001123
0.001173
0.001153
0.001215
0.001100
0.001128
0.001088
0.001051
0.001047
0.001514
0.001636
0.001603
0.001576
0.001639
0.001633
0.003073
0.002095
0.001542
0.003501
0.002190
0.001680
0.001379
0.002226
0.001912
0.001421
0.001428
0.001326
0.001386
0.001271
0.001256
0.001195
0.001145
0.001203
0.001175
0.001447
0.001208
0.001169
0.001115
0.001117
0.001147
0.001161
0.001709
0.001287
0.001226
0.001168
0.001139
0.001159
0.001166
0.001137
0.001175
0.001160
0.001155
0.001176
0.001163
0.001189
0.001215
0.001409
0.001348
0.002673
0.003028
0.002875
0.001718
0.001586
0.002019
0.001525
0.001465
0.001760
0.002172
0.001985
0.001328
0.001254
0.001225
0.001182
0.001254
0.001604
0.001317
0.001246
0.001377
0.001215
0.001214
0.001163
0.001160
0.001194
0.001204
0.001206
0.001187
0.001172
0.001328
0.001349
0.001305
0.002214
0.001850
0.001618
0.001457
0.001477
0.001334
0.001446
0.001365
0.001785
0.001489
0.001333
0.001309
0.001925
0.002129
0.002017
0.002250
0.001476
0.002260
0.001886
0.001557
0.001397
0.001602
0.001637
0.001288
0.001311
0.001268
0.001230
0.001183
0.001333
0.001596
0.001384
0.001309
0.001253
0.001308
0.001282
0.001233
0.001188
0.001194
0.001190
0.001216
0.001321
0.001511
0.001400
0.001334
0.001313
0.001287
0.001288
0.001274
0.001243
0.001209
0.001300
0.001187
0.001095
0.001279
0.001264
0.001869
0.001633
0.001648
0.001885
0.001519
0.002470
0.001627
0.001771
0.001656
0.002744
0.002720
0.002529
0.002570
0.002200
0.001537
0.001392
0.001998
0.002457
0.001504
0.001338
0.001378
0.001340
0.001275
0.001227
0.001324
0.001318
0.001228
0.001473
0.002078
0.001489
0.001352
0.001295
0.001268
0.001272
0.001225
0.001453
0.001363
0.001294
0.001322
0.001322
0.001583
0.001696
0.001806
0.002428
0.001979
0.002688
0.001812
0.001722
0.003044
0.001640
0.001661
0.001409
0.002154
0.001570
0.001434
0.001349
0.001374
0.001318
0.001788
0.001541
0.001381
0.001298
0.001282
0.001278
0.001406
0.001311
0.001307
0.001322
0.001328
0.001300
0.001453
0.001629
0.001558
0.001481
0.001459
0.001411
0.001366
0.001326
0.001327
0.001375
0.001393
0.001290
0.001425
0.001374
0.001429
0.001341
0.001457
0.002283
0.002246
0.001816
0.001477
0.001550
0.002361
0.001710
0.001504
0.001775
0.001795
0.001512
0.001407
0.001437
0.001377
0.001415
0.001502
0.001679
0.001481
0.001370
0.001363
0.001273
0.001265
0.001234
0.001215
0.001196
0.001273
0.001243
0.001328
0.001470
0.001604
0.001486
0.001390
0.001426
0.001339
0.001573
0.001369
0.001323
0.001304
0.001295
0.001360
0.001663
0.001865
0.001524
0.001802
0.001865
0.002758
0.001612
0.001539
0.003406
0.002969
0.002571
0.002420
0.002601
0.001655
0.001558
0.001606
0.001636
0.001421
0.002354
0.001393
0.001417
0.001390
0.001331
0.001292
0.001293
0.001273
0.001297
0.002803
0.002016
0.001773
0.001555
0.001526
0.001432
0.001436
0.001368
0.001420
0.001542
0.001606
0.001551
0.001732
0.002145
0.002001
0.002429
0.001709
0.001833
0.003321
