0.000312
0.000415
0.000330
0.000410
0.000342
0.000335
0.000395
0.000412
0.000346
0.000503
0.000346
0.000378
0.000380
0.000451
0.000431
0.000434
0.000794
0.000372
0.000361
0.000373
0.000390
0.000389
0.000397
0.000431
0.000414
0.000453
0.000445
0.000479
0.000486
0.000507
0.000457
0.000466
0.000466
0.000463
0.000453
0.000472
0.000456
0.000444
0.000458
0.000449
0.000461
0.000448
0.000474
0.000465
0.000534
0.000742
0.000780
0.000711
0.000816
0.000806
0.000759
0.000552
0.000515
0.000594
0.000627
0.000655
0.000592
0.000532
0.000569
0.000546
0.000574
0.000573
0.000560
0.000564
0.000569
0.000592
0.000636
0.000705
0.000645
0.000608
0.000594
0.000592
0.000579
0.000583
0.000571
0.000581
0.000596
0.000572
0.000583
0.000578
0.000602
0.000591
0.000597
0.000602
0.000581
0.000603
0.000629
0.000601
0.000607
0.000602
0.000656
0.000630
0.000648
0.000774
0.000638
0.000612
0.000522
0.000513
0.000516
0.000521
0.000537
0.000519
0.000544
0.000579
0.000531
0.000536
0.000517
0.000539
0.000529
0.000549
0.000567
0.000711
0.000754
0.000536
0.000557
0.000548
0.000565
0.000558
0.000544
0.000561
0.000539
0.000802
0.000644
0.000631
0.001103
0.000573
0.000579
0.000561
0.000581
0.000545
0.000564
0.000531
0.000517
0.000495
0.000522
0.000504
0.000514
0.000514
0.000562
0.000484
0.000501
0.000491
0.000506
0.000498
0.000518
0.000506
0.000515
0.000507
0.000551
0.000513
0.000507
0.000518
0.000497
0.000510
0.000497
0.000530
0.000514
0.000523
0.000499
0.000525
0.000537
0.000570
0.000518
0.000520
0.000525
0.000540
0.000523
0.000519
0.000520
0.000621
0.000593
0.000612
0.000532
0.000532
0.000532
0.000542
0.000587
0.000519
0.000524
0.000523
0.000524
0.000535
0.000532
0.000572
0.000727
0.000784
0.000545
0.000518
0.000541
0.000528
0.000540
0.000527
0.000530
0.000583
0.000537
0.000544
0.000546
0.000558
0.000535
0.000913
0.000554
0.000525
0.000549
0.000544
0.000567
0.000537
0.000563
0.000572
0.000536
0.000558
0.000524
0.000571
0.000549
0.000561
0.000560
0.000562
0.000563
0.000547
0.000607
0.000588
0.000556
0.000571
0.000591
0.000556
0.000538
0.000566
0.000540
0.000563
0.000554
0.000549
0.000840
0.000761
0.000558
0.000541
0.000534
0.000568
0.000535
0.000549
0.000536
0.000551
0.000529
0.000564
0.000834
0.000680
0.000548
0.000585
0.000528
0.000545
0.000529
0.000540
0.000526
0.000547
0.000544
0.000544
0.000549
0.000526
0.000597
0.000582
0.000568
0.000553
0.000571
0.000531
0.000542
0.000582
0.000524
0.000537
0.000534
0.000538
0.000519
0.000548
0.000562
0.000573
0.000552
0.000548
0.000536
0.000536
0.000549
0.000516
0.000566
0.000546
0.000565
0.000542
0.000617
0.000555
0.000538
0.000579
0.000562
0.000541
0.000518
0.000548
0.000796
0.000716
0.000568
0.000532
0.000554
0.000539
0.000527
0.000536
0.000515
0.000554
0.000534
0.000696
0.000879
0.000558
0.000556
0.000538
0.000541
0.000553
0.000531
0.000548
0.000533
0.000607
0.000529
0.000558
0.000543
0.000574
0.000600
0.000566
0.000562
0.000560
0.000593
0.000569
0.000576
0.000564
0.000521
0.000548
0.000518
0.000540
0.000983
0.000528
0.000548
0.000543
0.000547
0.000528
0.000598
0.000541
0.000525
0.000616
0.000561
0.000570
0.000607
0.000586
0.000557
0.000535
0.000548
0.000529
0.000545
0.000540
0.000543
0.000577
0.000655
0.000714
0.000547
0.000542
0.000536
0.000548
0.000539
0.000546
0.000571
0.000657
0.000922
0.000568
0.000538
0.000548
0.000553
0.000566
0.000545
0.000552
0.000596
0.000540
0.000546
0.000532
0.000552
0.000530
0.000549
0.000550
0.000554
0.000550
0.000529
0.000550
0.000534
0.000544
0.000521
0.000540
0.000545
0.000548
0.000530
0.000589
0.000532
0.000567
0.000546
0.000543
0.000570
0.000530
0.000611
0.000618
0.000564
0.000545
0.000539
0.000622
0.000587
0.000571
0.000549
0.000558
0.000597
0.000547
0.000558
0.000563
0.000841
0.000758
0.000560
0.000569
0.000549
0.000542
0.000565
0.000533
0.000577
0.000648
0.001066
0.000578
0.000642
0.000544
0.000561
0.000553
0.000579
0.000551
0.000546
0.000566
0.000553
0.000566
0.000556
0.000568
0.000535
0.000558
0.000552
0.000546
0.000550
0.000560
0.000577
0.000551
0.000552
0.000549
0.000549
0.000563
0.000550
0.000662
0.000553
0.000576
0.000545
0.000555
0.000556
0.000550
0.000568
0.000555
0.000593
0.000563
0.000659
0.000579
0.000566
0.000581
0.000595
0.000567
0.000545
0.000592
0.000801
0.001053
0.000570
0.000565
0.000576
0.000955
0.000644
0.000599
0.000589
0.000876
0.000777
0.000606
0.000581
0.000590
0.000567
0.000559
0.000558
0.000550
0.000554
0.000537
0.000562
0.000552
0.000562
0.000548
0.000557
0.000542
0.000554
0.000550
0.000542
0.000552
0.000535
0.000577
0.000550
0.000555
0.000540
0.000553
0.000579
0.000579
0.000562
0.000544
0.000562
0.000555
0.000571
0.000543
0.000551
0.000585
0.000593
0.000592
0.000578
0.000589
0.000555
0.000561
0.000575
0.000541
0.000553
0.000605
0.000732
0.000643
0.000552
0.000634
0.000548
0.000576
0.000551
0.000546
0.000546
0.000554
0.000580
0.000897
0.000668
0.000575
0.000549
0.000557
0.000562
0.000525
0.000545
0.000541
0.000584
0.000558
0.000555
0.000555
0.000555
0.000557
0.000554
0.000547
0.000547
0.000557
0.000589
0.000552
0.000561
0.000553
0.000558
0.000547
0.000528
0.000547
0.000557
0.000561
0.000534
0.000559
0.000537
0.000568
0.000546
0.000564
0.000566
0.000585
0.000560
0.000550
0.000551
0.000576
0.000580
0.000564
0.000557
0.000559
0.000572
0.000592
0.000536
0.000583
0.000819
0.000821
0.000575
0.000550
0.000544
0.000555
0.000543
0.000564
0.000550
0.000879
0.000677
0.000559
0.000961
0.000554
0.000571
0.000546
0.000558
0.000549
0.000571
0.000562
0.000551
0.000597
0.000560
0.000555
0.000549
0.000561
0.000543
0.000584
0.000550
0.000562
0.000564
0.000544
0.000564
0.000546
0.000544
0.000549
0.000583
0.000577
0.000562
0.000571
0.000554
0.000550
0.000537
0.000564
0.000550
0.000562
0.000563
0.000575
0.000611
0.000568
0.000601
0.000598
0.000569
0.000573
0.000583
0.000583
0.000873
0.000760
0.000559
0.000560
0.000554
0.000570
0.000547
0.000582
0.000556
0.000623
0.000999
0.000603
0.000567
0.000592
0.000562
0.000575
0.000564
0.000562
0.000661
0.000556
0.000555
0.000548
0.000555
0.000535
0.000570
0.000572
0.000542
0.000563
0.000550
0.000572
0.000549
0.000562
0.000570
0.000556
0.000574
0.000554
0.000554
0.000568
0.000572
0.000560
0.000564
0.000568
0.000566
0.000574
0.000560
0.000585
0.000591
0.000628
0.000634
0.000589
0.000586
0.000558
0.000620
0.000573
0.000550
0.000560
0.000655
0.000771
0.000644
0.000553
0.000588
0.000565
0.000558
0.000559
0.000554
0.000590
0.000661
0.001017
0.000607
0.000573
0.000556
0.000725
0.000576
0.000554
0.000574
0.000590
0.000574
0.000548
0.000567
0.000579
0.000562
0.000567
0.000554
0.000562
0.000553
0.000583
0.000564
0.000587
0.000572
0.000549
0.000591
0.000554
0.000598
0.000577
0.000558
0.000594
0.000562
0.000570
0.001019
0.000580
0.000586
0.000576
0.000558
0.000599
0.000604
0.000616
0.000591
0.000563
0.000574
0.000612
0.000572
0.000569
0.000659
0.000836
0.000731
0.000568
0.000578
0.000556
0.000570
0.000585
0.000565
0.000679
0.000945
0.000592
0.000615
0.000569
0.000599
0.000570
0.000561
0.000567
0.000561
0.000586
0.000562
0.000597
0.000563
0.000560
0.000583
0.000566
0.000579
0.000576
0.000557
0.000561
0.000591
0.000565
0.000564
0.000569
0.000557
0.000570
0.000673
0.000588
0.000572
0.000569
0.000574
0.000584
0.000582
0.000572
0.000562
0.000582
0.000560
0.000599
0.000628
0.000594
0.000628
0.000608
0.000576
0.000621
0.000628
0.000615
0.000602
0.000775
0.001007
0.000639
0.000585
0.000573
0.000692
0.000602
0.000718
0.001002
0.000598
0.000581
0.000611
0.000593
0.000569
0.000568
0.000565
0.000572
0.000554
0.000570
0.000583
0.000555
0.000571
0.000607
0.000582
0.000557
0.000579
0.000586
0.000569
0.000582
0.000568
0.000647
0.000615
0.000579
0.000601
0.000568
0.000571
0.000560
0.000578
0.000589
0.000620
0.000584
0.000585
0.000573
0.000588
0.000569
0.000588
0.000610
0.000633
0.000616
0.000581
0.000606
0.000572
0.000581
0.000583
0.000575
0.000687
0.000735
0.000715
0.000590
0.000550
0.000569
0.001146
0.001149
0.000701
0.000578
0.000583
0.000576
0.000573
0.000580
0.000560
0.000604
0.000588
0.000564
0.000574
0.000580
0.000595
0.000561
0.000583
0.000618
0.000580
0.000585
0.000567
0.000574
0.000583
0.000559
0.000565
0.000570
0.000595
0.000568
0.000590
0.000589
0.000555
0.000570
0.000562
0.000588
0.000579
0.000588
0.000597
0.000570
0.000599
0.000600
0.000601
0.000620
0.000602
0.000648
0.000591
0.000610
0.000605
0.000587
0.000623
0.000859
0.000818
0.000579
0.000579
0.000569
0.000587
0.000595
0.000930
0.000642
0.000598
0.000580
0.000600
0.000581
0.000583
0.000576
0.000568
0.000574
0.000568
0.000587
0.000567
0.000631
0.000583
0.000571
0.000583
0.000570
0.000599
0.000574
0.000585
0.000578
0.000560
0.000585
0.000570
0.000595
0.000673
0.000707
0.000592
0.000579
0.000575
0.000589
0.000577
0.000566
0.000561
0.000579
0.000627
0.000624
0.000615
0.000583
0.000735
0.000611
0.000605
0.000596
0.000594
0.000799
0.000831
0.000623
0.000584
0.000578
0.000578
0.000590
0.000601
0.000578
0.000633
0.000933
0.000608
0.000578
0.000600
0.000596
0.000575
0.000582
0.000586
0.000586
0.000634
0.000598
0.000589
0.001069
0.000590
0.000587
0.000578
0.000578
0.000553
0.000575
0.000576
0.000574
0.000572
0.000570
