0.000295
0.000349
0.000344
0.000410
0.000342
0.000366
0.000722
0.000424
0.000345
0.000328
0.000360
0.000356
0.000377
0.000420
0.000423
0.000435
0.000410
0.000366
0.000369
0.000369
0.000388
0.000386
0.000393
0.000421
0.000417
0.000445
0.000439
0.000474
0.000476
0.000492
0.000451
0.000460
0.000475
0.000450
0.000475
0.000448
0.000451
0.000441
0.000454
0.000442
0.000459
0.000507
0.000531
0.000484
0.000504
0.000504
0.000493
0.000483
0.000504
0.000494
0.000520
0.000507
0.000522
0.000516
0.000676
0.000638
0.000556
0.000541
0.000551
0.000546
0.000556
0.000565
0.000548
0.000553
0.000576
0.000574
0.000576
0.000581
0.000553
0.000576
0.000562
0.000600
0.000600
0.000643
0.000870
0.000574
0.000579
0.000571
0.000567
0.000584
0.000593
0.000572
0.000593
0.000588
0.000595
0.000583
0.000601
0.000603
0.000595
0.000602
0.000595
0.000614
0.000606
0.000615
0.000628
0.000606
0.000514
0.000544
0.000584
0.000586
0.000599
0.000598
0.000553
0.000625
0.000622
0.000539
0.000536
0.000530
0.000539
0.000536
0.000542
0.000565
0.000553
0.000673
0.000593
0.000581
0.000553
0.000558
0.000555
0.000552
0.000557
0.000538
0.001177
0.000575
0.000601
0.000557
0.000567
0.000552
0.000579
0.000679
0.000799
0.000597
0.000505
0.000510
0.000506
0.000521
0.000503
0.000518
0.000488
0.000502
0.000489
0.000509
0.000481
0.000511
0.000497
0.000523
0.000505
0.000500
0.000516
0.000510
0.000542
0.000488
0.000502
0.000497
0.000539
0.000552
0.000516
0.000500
0.000513
0.000522
0.000524
0.000526
0.000534
0.000511
0.000563
0.000528
0.000534
0.000508
0.000537
0.000556
0.000519
0.000538
0.000599
0.000680
0.000688
0.000519
0.000531
0.000514
0.000535
0.000516
0.000542
0.000520
0.000529
0.000541
0.000701
0.000532
0.000539
0.000544
0.000524
0.000529
0.000544
0.000672
0.000875
0.000550
0.000554
0.000532
0.000553
0.000538
0.000553
0.000535
0.000520
0.000535
0.000529
0.000538
0.000526
0.000550
0.000536
0.000552
0.000527
0.000552
0.000513
0.000549
0.000705
0.000837
0.000836
0.000826
0.000832
0.000871
0.000890
0.000707
0.000552
0.000566
0.000535
0.000546
0.000540
0.000543
0.000527
0.000749
0.000800
0.000559
0.000551
0.000568
0.000526
0.000521
0.000530
0.000536
0.000524
0.000586
0.000535
0.000548
0.000514
0.000545
0.000545
0.000541
0.000546
0.000535
0.000548
0.000713
0.000777
0.000541
0.000532
0.000534
0.000532
0.000538
0.000518
0.000556
0.000539
0.000531
0.000523
0.001159
0.000536
0.000541
0.000531
0.000553
0.000522
0.000535
0.000515
0.000533
0.000513
0.000531
0.000533
0.000538
0.000548
0.000520
0.000517
0.000531
0.000542
0.000527
0.000560
0.000550
0.000632
0.000515
0.000544
0.000538
0.000556
0.000527
0.000523
0.000514
0.000552
0.000663
0.000702
0.000513
0.000549
0.000517
0.000543
0.000558
0.000554
0.000520
0.000522
0.000511
0.000525
0.000518
0.000529
0.000524
0.000525
0.000524
0.000526
0.000810
0.000740
0.000537
0.000533
0.000517
0.000530
0.000515
0.000531
0.000518
0.000529
0.000527
0.000532
0.000533
0.000626
0.000539
0.000611
0.000556
0.000533
0.000544
0.000544
0.000555
0.000552
0.000549
0.000544
0.000563
0.000554
0.000518
0.000546
0.000545
0.000539
0.000518
0.000548
0.000568
0.000551
0.000573
0.000591
0.000556
0.000527
0.000567
0.000542
0.000549
0.000536
0.000697
0.000745
0.000707
0.000553
0.000539
0.000530
0.000541
0.000546
0.000539
0.000523
0.000538
0.000529
0.000540
0.000539
0.000529
0.000542
0.000531
0.000711
0.000939
0.000546
0.000560
0.000539
0.000539
0.000541
0.000523
0.000533
0.000529
0.000571
0.000529
0.000533
0.000545
0.000558
0.000521
0.000536
0.000523
0.000545
0.000544
0.000539
0.000552
0.000540
0.000568
0.000531
0.000541
0.000529
0.000544
0.000536
0.000543
0.000533
0.000532
0.000591
0.000560
0.000612
0.000551
0.000559
0.000538
0.000610
0.000563
0.000558
0.000560
0.000703
0.000705
0.001290
0.000566
0.000544
0.000537
0.000566
0.000524
0.000554
0.000541
0.000547
0.000550
0.000557
0.000540
0.000566
0.000578
0.000762
0.000778
0.000559
0.000562
0.000539
0.000547
0.000576
0.000562
0.000546
0.000553
0.000532
0.000551
0.000534
0.000571
0.000538
0.000560
0.000529
0.000552
0.000539
0.000553
0.000553
0.000540
0.000537
0.000553
0.000549
0.000538
0.000590
0.000533
0.000665
0.000604
0.000592
0.000606
0.000623
0.000659
0.000698
0.000646
0.000585
0.000617
0.000689
0.000737
0.000610
0.000549
0.000584
0.000535
0.000570
0.000565
0.000552
0.000566
0.000538
0.000556
0.000533
0.000572
0.000524
0.000570
0.000560
0.000538
0.000579
0.000589
0.001102
0.000585
0.000580
0.000558
0.000563
0.000549
0.000544
0.000542
0.000792
0.000727
0.000545
0.000585
0.000545
0.000538
0.000555
0.000542
0.000551
0.000542
0.000579
0.000540
0.000556
0.000530
0.000557
0.000562
0.000538
0.000581
0.000541
0.000571
0.000537
0.000548
0.000540
0.000566
0.000549
0.000538
0.000554
0.000523
0.000566
0.000527
0.000547
0.000535
0.000556
0.000537
0.000543
0.000547
0.000537
0.000539
0.000523
0.001157
0.000577
0.000539
0.000549
0.000564
0.000532
0.000625
0.000550
0.000549
0.000533
0.000556
0.000541
0.000575
0.000549
0.000539
0.000563
0.000534
0.000550
0.000537
0.000545
0.000552
0.000559
0.000533
0.000558
0.000554
0.000535
0.000547
0.000520
0.000541
0.000542
0.000554
0.000525
0.000563
0.000533
0.000558
0.000561
0.000540
0.000560
0.000554
0.000574
0.000606
0.000570
0.000609
0.000556
0.000559
0.000537
0.000555
0.000560
0.000575
0.000555
0.000794
0.000698
0.000580
0.000546
0.000542
0.000537
0.000548
0.000550
0.000563
0.000548
0.000553
0.000551
0.000551
0.000650
0.000574
0.000567
0.000550
0.000561
0.000578
0.000752
0.000871
0.000567
0.000547
0.000549
0.000534
0.000549
0.000575
0.000552
0.000563
0.000533
0.000552
0.000547
0.000552
0.000543
0.000561
0.000529
0.000547
0.000526
0.000559
0.000575
0.000553
0.000556
0.000547
0.000537
0.000543
0.000568
0.000542
0.000591
0.000655
0.000599
0.000621
0.000573
0.000588
0.000566
0.000553
0.000561
0.000562
0.000566
0.000727
0.000689
0.000569
0.000568
0.000564
0.000553
0.000546
0.000550
0.000544
0.000580
0.000568
0.000561
0.000554
0.000561
0.000551
0.000550
0.000546
0.000551
0.000561
0.000650
0.000881
0.000574
0.000539
0.000554
0.000573
0.000542
0.000554
0.000552
0.000563
0.000546
0.000555
0.000546
0.001027
0.000583
0.000612
0.000550
0.000569
0.000565
0.000572
0.000543
0.000566
0.000561
0.000554
0.000559
0.000553
0.000566
0.000569
0.000566
0.000603
0.000572
0.000586
0.000595
0.000568
0.000554
0.000561
0.000587
0.000547
0.000558
0.000677
0.000823
0.000611
0.000557
0.000643
0.000568
0.000560
0.000552
0.000538
0.000566
0.000549
0.000559
0.000546
0.000565
0.000565
0.000552
0.000568
0.000557
0.000747
0.000962
0.000590
0.000567
0.000568
0.000547
0.000576
0.000552
0.000560
0.000573
0.000568
0.000570
0.000544
0.000661
0.000560
0.000598
0.000617
0.000591
0.000581
0.000610
0.000598
0.000618
0.000603
0.000606
0.000567
0.000568
0.000634
0.000642
0.000597
0.000618
0.000594
0.000572
0.000569
0.000558
0.000564
0.000585
0.000557
0.000745
0.000805
0.000709
0.000550
0.000562
0.000555
0.000575
0.000565
0.000557
0.000589
0.000557
0.000572
0.000545
0.000557
0.000550
0.000575
0.000563
0.000564
0.000589
0.000942
0.000691
0.000581
0.000588
0.000570
0.000581
0.000549
0.000581
0.000545
0.001268
0.000555
0.000575
0.000571
0.000650
0.000570
0.000566
0.000609
0.000548
0.000573
0.000555
0.000588
0.000587
0.000551
0.000577
0.000566
0.000676
0.000639
0.000627
0.000641
0.000607
0.000571
0.000582
0.000566
0.000638
0.000576
0.000691
0.000804
0.000682
0.001085
0.000566
0.000580
0.000569
0.000572
0.000584
0.000563
0.000582
0.000599
0.000566
0.000560
0.000566
0.000553
0.000559
0.000583
0.000609
0.000951
0.000641
0.000558
0.000616
0.000583
0.000571
0.000559
0.000563
0.000578
0.000579
0.000563
0.000565
0.000564
0.000572
0.000568
0.000584
0.000545
0.000557
0.000598
0.000557
0.000578
0.000571
0.000564
0.000563
0.000565
0.000576
0.000565
0.000566
0.000562
0.000568
0.000565
0.000586
0.000584
0.000597
0.000613
0.000598
0.000569
0.000592
0.000575
0.000583
0.000568
0.000555
0.000798
0.000896
0.000584
0.000565
0.000560
0.000582
0.000552
0.000580
0.000572
0.000561
0.000586
0.000567
0.000572
0.000586
0.001404
0.000616
0.000594
0.000591
0.000562
0.000569
0.000549
0.000567
0.000552
0.000578
0.000559
0.000550
0.000587
0.000566
0.000569
0.000560
0.000568
0.000557
0.000550
0.000566
0.000570
0.000578
0.000573
0.000578
0.000571
0.000558
0.000624
0.000567
0.000601
0.000628
0.000596
0.000622
0.000601
0.000608
0.000597
0.000573
0.000597
0.000569
0.000576
0.000692
0.000759
0.000642
0.000565
0.000558
0.000573
0.000564
0.000575
0.000568
0.000578
0.000562
0.000562
0.001149
0.000593
0.000593
0.000670
0.001000
0.000584
0.000567
0.000579
0.000564
0.000580
0.000603
0.000555
0.000570
0.000563
0.000566
0.000561
0.000569
0.000594
0.000562
0.000582
0.000565
0.000565
0.000567
0.000606
0.000622
0.000567
0.000575
0.000558
0.000598
0.000558
0.000578
0.000589
0.000569
0.000576
0.000563
0.000596
0.000577
0.000568
0.000574
0.000558
0.000575
0.000567
0.000580
0.000590
0.000563
0.000583
0.000555
0.000571
0.000565
0.000575
0.000598
0.000583
0.000605
0.000578
0.000583
0.000581
0.000589
0.000590
0.000564
0.000578
0.000562
0.000588
0.000597
0.000559
0.000561
0.000551
0.000584
0.000554
0.000575
0.000565
