0.001859
0.001745
0.002637
0.001655
0.001400
0.001315
0.001334
0.001317
0.001335
0.001382
0.001485
0.001335
0.001305
0.001331
0.001502
0.001446
0.001493
0.001358
0.002282
0.001305
0.001362
0.001325
0.001311
0.001313
0.001840
0.001528
0.001278
0.001208
0.001236
0.001212
0.001219
0.001232
0.001390
0.001205
0.001235
0.001206
0.001221
0.001263
0.001249
0.001390
0.001453
0.001307
0.001315
0.001840
0.001616
0.001227
0.001269
0.001221
0.001251
0.001714
0.001482
0.001249
0.001228
0.001271
0.001246
0.001227
0.001231
0.001219
0.001227
0.001194
0.001230
0.001568
0.001432
0.001430
0.001455
0.001456
0.002293
0.001396
0.001308
0.001294
0.001222
0.001292
0.001243
0.001344
0.002112
0.001333
0.001252
0.001237
0.001291
0.001284
0.001339
0.001274
0.001319
0.001258
0.001285
0.001374
0.001452
0.001459
0.001387
0.001366
0.002390
0.001298
0.001281
0.001305
0.001229
0.001276
0.001253
0.001658
0.001828
0.001387
0.001459
0.001428
0.001436
0.001332
0.001305
0.001278
0.001287
0.001249
0.001289
0.001459
0.001564
0.001483
0.001458
0.001852
0.001670
0.001282
0.001291
0.001313
0.001241
0.001251
0.001261
0.002242
0.001457
0.001408
0.001383
0.001314
0.001323
0.001313
0.001285
0.001292
0.001291
0.001288
0.001513
0.001699
0.001603
0.001522
0.002207
0.001823
0.001428
0.001449
0.001521
0.001534
0.002031
0.002559
0.001512
0.001443
0.001354
0.001390
0.001457
0.001534
0.001579
0.001580
0.001627
0.001642
0.001529
0.001467
0.001697
0.002199
0.001374
0.001492
0.001524
0.001419
0.001385
0.001608
0.001976
0.001401
0.001360
0.001296
0.001322
0.001397
0.001437
0.001350
0.001421
0.001333
0.001456
0.001586
0.001909
0.001599
0.002208
0.001551
0.001336
0.001486
0.001417
0.001373
0.001344
0.001415
0.002082
0.001389
0.001403
0.001401
0.001350
0.001403
0.001635
0.001876
0.001802
0.001871
0.001877
0.001838
0.001843
0.001519
0.002148
0.001915
0.001408
0.001400
0.001340
0.001362
0.002331
0.001493
0.001411
0.001378
0.001358
0.001340
0.001357
0.001351
0.001354
0.001352
0.001354
0.001350
0.001390
0.001312
0.001364
0.001408
0.001419
0.001332
0.001335
0.001381
0.001381
0.001319
0.001344
0.001391
0.001433
0.001356
0.001360
0.001466
0.001351
0.001343
0.001374
0.001323
0.001311
0.001321
0.001329
0.001422
0.001413
0.001366
0.001437
0.001425
0.001342
0.001454
0.001476
0.001421
0.001401
0.001394
0.001388
0.001569
0.001463
0.001529
0.002519
0.001466
0.001457
0.001408
0.001372
0.001373
0.001343
0.001370
0.001912
0.001942
0.001458
0.001404
0.001353
0.001389
0.001367
0.001403
0.001377
0.001368
0.001381
0.001404
0.001470
0.001463
0.001415
0.001440
0.001367
0.001404
0.001358
0.001403
0.001451
0.001417
0.001427
0.001505
0.001650
0.001481
0.001502
0.002385
0.001430
0.001368
0.001362
0.001381
0.001382
0.001395
0.002329
0.001515
0.001465
0.001419
0.001398
0.001383
0.001395
0.001404
0.001383
0.001369
0.001519
0.002010
0.001732
0.001563
0.002182
0.001738
0.001515
0.001560
0.001629
0.001686
0.001637
0.002835
0.001694
0.002027
0.002222
0.001903
0.003145
0.001696
0.002843
0.001826
0.001629
0.002027
0.002129
0.001544
0.001565
0.001523
0.001525
0.001713
0.003413
0.001793
0.002621
0.001723
0.001676
0.001669
0.001565
0.002060
0.002997
0.001799
0.002382
0.001923
0.001577
0.001569
0.001508
0.001548
0.002424
0.002955
0.001861
0.002809
0.001682
0.001607
0.001563
0.001509
0.002284
0.002613
0.001880
0.002606
0.001660
0.001660
0.001610
0.001559
0.001568
0.002788
0.001954
0.001916
0.002894
0.001674
0.001705
0.001606
0.001733
0.003646
0.002152
0.002544
0.001890
0.001646
0.001598
0.001554
0.001576
0.002300
0.001950
0.001824
0.001673
0.002530
0.001561
0.001591
0.001602
0.001608
0.002143
0.002148
0.001804
0.001723
0.001620
0.001576
0.001579
0.001524
0.001583
0.001684
0.001583
0.001700
0.001623
0.001699
0.001629
0.001680
0.001603
0.001601
0.001527
0.001567
0.001669
0.002003
0.001786
0.001690
0.002421
0.001600
0.001622
0.001602
0.001560
0.001592
0.002491
0.001636
0.001582
0.001530
0.001498
0.001463
0.001476
0.001432
0.001477
0.001528
0.001546
0.001490
0.001445
0.001461
0.001442
0.001421
0.001495
0.001446
0.001471
0.001446
0.001480
0.001621
0.001500
0.001461
0.001409
0.001393
0.001416
0.001446
0.001399
0.001398
0.001383
0.001379
0.001565
0.001615
0.001829
0.001785
0.002859
0.001614
0.001581
0.001596
0.001477
0.001525
0.002491
0.001752
0.001611
0.001512
0.001651
0.001611
0.001569
0.001606
0.001540
0.001571
0.002048
0.002188
0.002050
0.002202
0.002271
0.002315
0.001901
0.001583
0.003003
0.001848
0.001646
0.001590
0.001500
0.001460
0.001692
0.001644
0.001522
0.003285
0.004094
0.001637
0.001609
0.001753
0.001534
0.001530
0.001498
0.003738
0.002692
0.001758
0.001653
0.001711
0.001604
0.001635
0.001607
0.003546
0.003534
0.002092
0.001720
0.001625
0.001656
0.001627
0.001645
0.004309
0.002834
0.001973
0.001803
0.001708
0.001675
0.001636
0.003360
0.003464
0.002109
0.001853
0.001827
0.001769
0.001706
0.001925
0.004404
0.002015
0.001795
0.001766
0.001750
0.001664
0.001703
0.002678
0.003501
0.002307
0.002068
0.002086
0.001877
0.001895
0.003198
0.003485
0.001854
0.001858
0.001844
0.001787
0.001704
0.001674
0.002238
0.002662
0.001970
0.001758
0.002597
0.001695
0.001601
0.001563
0.001700
0.002811
0.001686
0.001861
0.001777
0.001742
0.001682
0.001613
0.001790
0.002326
0.002041
0.001960
0.001738
0.002420
0.001961
0.001644
0.001896
0.001762
0.002445
0.001754
0.001663
0.001572
0.001639
0.001553
0.001539
0.001539
0.001637
0.001749
0.001568
0.001698
0.001831
0.001717
0.001781
0.002985
0.001666
0.001540
0.001616
0.002424
0.001684
0.001580
0.001527
0.001573
0.001670
0.001838
0.001873
0.001650
0.001572
0.001775
0.001780
0.001805
0.002175
0.002157
0.001717
0.001622
0.001544
0.001685
0.002445
0.001678
0.001667
0.001575
0.001838
0.001732
0.001626
0.001495
0.001502
0.001512
0.001492
0.001568
0.001510
0.001556
0.001485
0.001549
0.001472
0.001548
0.001528
0.001443
0.001473
0.001493
0.001424
0.001460
0.001696
0.001576
0.001558
0.001445
0.001515
0.001527
0.001491
0.001571
0.001749
0.001871
0.001817
0.001637
0.002629
0.001520
0.001544
0.001533
0.001556
0.002473
0.001661
0.001748
0.001519
0.001549
0.001558
0.001567
0.001557
0.001585
0.001568
0.001517
0.002318
0.001556
0.001556
0.001492
0.001466
0.001472
0.001486
0.001510
0.001531
0.001506
0.001588
0.001521
0.001541
0.001481
0.001515
0.001512
0.001516
0.001441
0.001440
0.001420
0.001791
0.002191
0.001903
0.001685
0.002321
0.001620
0.001477
0.001534
0.001527
0.001687
0.002373
0.001622
0.001567
0.001513
0.001482
0.001455
0.001454
0.001509
0.001552
0.001657
0.001632
0.001782
0.001763
0.001715
0.002562
0.001852
0.001567
0.001575
0.001580
0.001825
0.002334
0.001688
0.001548
0.001557
0.001557
0.001539
0.001515
0.001619
0.001504
0.001629
0.001654
0.002058
0.001776
0.002848
0.001638
0.001764
0.001643
0.001595
0.001903
0.002183
0.001602
0.001579
0.001552
0.001619
0.001587
0.001535
0.001533
0.001545
0.001646
0.001841
0.001904
0.001737
0.002687
0.001669
0.001608
0.001619
0.001552
0.001610
0.002304
0.001688
0.001615
0.001582
0.001622
0.001566
0.001527
0.001478
0.001522
0.001707
0.001698
0.001735
0.001680
0.002985
0.002289
0.002221
0.002066
0.002319
0.003065
0.001911
0.001590
0.001614
0.001534
0.001570
0.001606
0.001541
0.001659
0.001743
0.001839
0.001840
0.002747
0.001620
0.001603
0.001598
0.001535
0.001549
0.002452
0.001685
0.001610
0.001552
0.001603
0.001585
0.001508
0.001499
0.001481
0.001466
0.001951
0.001910
0.001735
0.001854
0.002267
0.001579
0.001629
0.001637
0.001597
0.001616
0.002367
0.001640
0.001632
0.001557
0.001537
0.001527
0.001530
0.001502
0.001619
0.001714
0.001918
0.001872
0.001749
0.002531
0.002045
0.001638
0.001603
0.001573
0.001564
0.002486
0.001636
0.001618
0.001522
0.001572
0.001545
0.001534
0.001573
0.001506
0.001780
0.001825
0.001697
0.001654
0.002677
0.001608
0.001509
0.001527
0.001515
0.001626
0.002520
0.001678
0.001635
0.001628
0.001596
0.001543
0.001561
0.001510
0.001581
0.001538
0.001813
0.001846
0.001768
0.002349
0.002022
0.001676
0.001715
0.001679
0.001583
0.002019
0.002007
0.001684
0.001641
0.001639
0.001719
0.001704
0.001628
0.001674
0.001891
0.001802
0.001772
0.001733
0.002606
0.001751
0.001656
0.001625
0.001596
0.001615
0.002459
0.001737
0.001645
0.001580
0.001649
0.001633
0.001562
0.001530
0.001593
0.001599
0.001663
0.001827
0.001771
0.002770
0.001671
0.001609
0.001621
0.001580
0.001537
0.002403
0.001766
0.001667
0.001657
0.001681
0.001618
0.001545
0.001536
0.001514
0.001581
0.001748
0.001838
0.001783
0.002447
0.001837
0.001599
0.001607
0.001620
0.001599
0.001846
0.002115
0.001664
0.001662
0.001597
0.001563
0.001541
0.001499
0.001544
0.001641
0.002116
0.001755
0.001923
0.002754
0.001806
0.001653
0.001647
0.001573
0.001603
0.002367
0.001979
0.001646
0.001618
0.001668
0.001539
0.001554
0.001611
0.001623
0.001831
0.001898
0.001728
0.002653
0.001683
0.001623
0.001597
0.001554
0.001533
0.001549
0.002553
0.001685
0.001625
0.001622
0.001658
0.001780
0.001696
0.001641
0.001638
0.001816
0.002211
0.001847
0.001791
0.002614
0.001621
0.001638
0.001637
0.001548
0.001667
0.002352
0.001714
0.001693
0.001693
0.001653
0.001623
0.001634
0.001640
0.001746
0.001940
0.001844
0.001752
0.002305
0.002123
0.001723
