0.000255
0.000293
0.001657
0.000339
0.000374
0.000352
0.000448
0.000399
0.000402
0.000454
0.000406
0.000508
0.000424
0.000458
0.000496
0.000484
0.000656
0.000617
0.000626
0.000511
0.000473
0.000489
0.000469
0.000489
0.000488
0.000512
0.000483
0.000794
0.000779
0.000801
0.000614
0.000588
0.000561
0.000557
0.000597
0.000518
0.000534
0.000515
0.000534
0.000527
0.000540
0.000558
0.000547
0.000606
0.000527
0.000547
0.000525
0.000551
0.000538
0.000556
0.000547
0.000568
0.000554
0.000561
0.000557
0.000547
0.002251
0.000922
0.000811
0.000743
0.000694
0.000707
0.000686
0.000642
0.000641
0.000709
0.000660
0.000647
0.000628
0.000589
0.000627
0.000587
0.000586
0.000614
0.000578
0.000641
0.000662
0.000640
0.000691
0.000967
0.001033
0.000933
0.000908
0.000906
0.000890
0.000949
0.000922
0.001020
0.000920
0.000700
0.001211
0.001265
0.001190
0.000897
0.001096
0.001283
0.000963
0.002496
0.001532
0.001167
0.000948
0.000914
0.000963
0.001004
0.001442
0.001361
0.001125
0.000822
0.000791
0.000820
0.000883
0.000791
0.000787
0.000847
0.000844
0.000831
0.000782
0.000745
0.000752
0.000714
0.000687
0.000707
0.000721
0.000684
0.000688
0.000629
0.000651
0.000867
0.000732
0.000688
0.000634
0.001788
0.000878
0.000705
0.000683
0.000647
0.000641
0.000605
0.000606
0.000683
0.000598
0.000619
0.000639
0.000638
0.000643
0.000630
0.000622
0.000707
0.000644
0.000641
0.000600
0.000634
0.000674
0.000575
0.000598
0.000658
0.000661
0.000857
0.001029
0.000863
0.000834
0.000787
0.000749
0.001110
0.000760
0.001865
0.002372
0.001024
0.000860
0.001389
0.001061
0.002395
0.001155
0.001353
0.001192
0.001053
0.000975
0.001460
0.000865
0.000756
0.000705
0.000663
0.000668
0.000744
0.000689
0.000675
0.000700
0.000672
0.000678
0.000780
0.000789
0.000729
0.000686
0.000685
0.000666
0.001034
0.000760
0.000746
0.000693
0.000683
0.000677
0.000806
0.000737
0.000722
0.000697
0.000697
0.000707
0.000647
0.000648
0.000637
0.000647
0.000886
0.000802
0.001064
0.000961
0.000801
0.000835
0.000736
0.000722
0.000721
0.000703
0.000715
0.000918
0.000869
0.000772
0.000775
0.000755
0.000760
0.000738
0.000691
0.000712
0.000695
0.000710
0.000747
0.000791
0.000857
0.001000
0.000875
0.001388
0.000875
0.001276
0.001864
0.001171
0.000927
0.001735
0.001042
0.001185
0.001443
0.001030
0.000948
0.000922
0.000772
0.000966
0.001124
0.000862
0.001945
0.001014
0.000920
0.000877
0.000909
0.000852
0.000853
0.000808
0.000789
0.000960
0.001087
0.001149
0.000899
0.000865
0.000817
0.000780
0.000800
0.000860
0.000747
0.000781
0.000795
0.000778
0.000778
0.000798
0.000778
0.000769
0.000725
0.000743
0.000745
0.001080
0.000916
0.000941
0.000901
0.000884
0.000925
0.000821
0.000960
0.000802
0.000818
0.000779
0.000793
0.000744
0.000791
0.000755
0.000833
0.000801
0.000967
0.000813
0.000843
0.000930
0.000982
0.000970
0.000902
0.000928
0.001926
0.001214
0.001996
0.001607
0.001003
0.000979
0.001003
0.001069
0.001590
0.001774
0.001532
0.001307
0.001101
0.001203
0.001358
0.002603
0.001039
0.000968
0.000914
0.000920
0.000905
0.000961
0.001408
0.000899
0.000940
0.000935
0.000929
0.000935
0.001057
0.001023
0.000981
0.000928
0.000899
0.000889
0.000952
0.000977
0.000910
0.000888
0.001308
0.001092
0.001039
0.000966
0.000942
0.000928
0.000944
0.000912
0.000926
0.000922
0.000916
0.000925
0.000894
0.000870
0.000882
0.000866
0.000855
0.000926
0.001009
0.001670
0.001535
0.001335
0.001466
0.001667
0.001558
0.002660
0.001241
0.001173
0.001171
0.001864
0.001909
0.001673
0.001231
0.001155
0.001037
0.001485
0.001102
0.000983
0.001034
0.001017
0.000994
0.001037
0.001132
0.001005
0.000975
0.000941
0.000929
0.000899
0.000920
0.000896
0.000938
0.000914
0.000887
0.000882
0.000870
0.000895
0.000889
0.000857
0.000852
0.000865
0.001566
0.001440
0.001083
0.001032
0.000984
0.000949
0.000965
0.000929
0.000980
0.001012
0.000997
0.000962
0.001530
0.000958
0.001002
0.001515
0.002004
0.002034
0.001810
0.001664
0.001633
0.001925
0.001457
0.001473
0.001508
0.001822
0.001393
0.001247
0.001148
0.001222
0.001353
0.001566
0.001125
0.001098
0.001060
0.000999
0.001242
0.001262
0.001394
0.001224
0.001118
0.001042
0.001005
0.001002
0.000983
0.000949
0.000933
0.000974
0.000979
0.001012
0.001032
0.001238
0.001046
0.001016
0.001430
0.001184
0.001133
0.001105
0.001102
0.001068
0.001056
0.001040
0.001017
0.001017
0.001009
0.000983
0.001453
0.001535
0.001240
0.001347
0.001372
0.001265
0.001268
0.001726
0.001763
0.002414
0.001379
0.001285
0.001304
0.001894
0.001654
0.001353
0.001250
0.001149
0.001297
0.001372
0.001197
0.001304
0.001192
0.001268
0.001098
0.001086
0.001091
0.001167
0.001240
0.001135
0.001162
0.001083
0.001056
0.001649
0.001066
0.001055
0.001045
0.001137
0.001076
0.001050
0.001078
0.001145
0.001184
0.001233
0.001257
0.001175
0.001193
0.001486
0.001205
0.001127
0.001108
0.001113
0.001075
0.001026
0.000966
0.001084
0.001135
0.001170
0.001081
0.001155
0.001558
0.001536
0.002315
0.001553
0.001385
0.001270
0.002161
0.001477
0.001352
0.001569
0.001539
0.001849
0.001170
0.001120
0.001098
0.001073
0.001048
0.001021
0.001057
0.001049
0.001159
0.001145
0.001224
0.001258
0.001156
0.001115
0.001058
0.001029
0.001104
0.001002
0.000973
0.000957
0.000913
0.000922
0.000971
0.001286
0.001466
0.001450
0.001377
0.001578
0.001369
0.002317
0.001950
0.001383
0.001378
0.001312
0.002053
0.001867
0.001617
0.001372
0.002472
0.001278
0.001222
0.001241
0.001244
0.001251
0.001134
0.001573
0.001542
0.001227
0.001179
0.001252
0.001235
0.001195
0.001118
0.001069
0.001056
0.001021
0.001035
0.001035
0.001018
0.001496
0.001262
0.001166
0.001174
0.001562
0.001662
0.002155
0.001394
0.001459
0.001282
0.002235
0.001838
0.001580
0.001438
0.001404
0.001608
0.001197
0.001167
0.001213
0.001117
0.001124
0.001399
0.001237
0.001553
0.001228
0.001184
0.001181
0.001125
0.001173
0.001181
0.001110
0.001084
0.001138
0.001125
0.001148
0.001104
0.001114
0.001843
0.001691
0.001208
0.001154
0.001101
0.001096
0.001036
0.001051
0.001099
0.001188
0.001069
0.001272
0.001078
0.001077
0.001268
0.001211
0.001302
0.001338
0.001793
0.001375
0.001956
0.001760
0.001701
0.001406
0.001673
0.001995
0.001477
0.001495
0.001268
0.001863
0.001944
0.001261
0.001355
0.001210
0.001156
0.001157
0.001247
0.001359
0.001397
0.001225
0.001177
0.001130
0.001142
0.001104
0.001375
0.001222
0.001202
0.001182
0.001122
0.001216
0.001614
0.001289
0.001343
0.001314
0.001252
0.001164
0.001175
0.001465
0.001292
0.001569
0.001315
0.001329
0.001233
0.001611
0.001324
0.001295
0.001289
0.001997
0.002106
0.001833
0.001357
0.001497
0.001391
0.002254
0.002330
0.001621
0.001550
0.001707
0.001742
0.001467
0.001367
0.001286
0.001213
0.001278
0.001199
0.001214
0.001267
0.001297
0.001317
0.001249
0.001163
0.001118
0.002895
0.001459
0.001246
0.001465
0.001550
0.001301
0.001204
0.001329
0.001279
0.001233
0.001202
0.001162
0.001132
0.001107
0.001099
0.001115
0.001135
0.001373
0.001668
0.001354
0.001493
0.001701
0.002374
0.002368
0.001393
0.002290
0.002121
0.001599
0.001874
0.001456
0.001452
0.001623
0.001260
0.001240
0.001259
0.001206
0.001243
0.001275
0.001505
0.001316
0.001511
0.001254
0.001253
0.001214
0.001186
0.001162
0.001100
0.001085
0.001068
0.001061
0.001106
0.001540
0.001597
0.001369
0.001247
0.001210
0.001167
0.001251
0.001223
0.001171
0.001207
0.001161
0.001183
0.001099
0.001225
0.001555
0.001397
0.001489
0.001757
0.001463
0.001907
0.001738
0.001470
0.001464
0.001923
0.002322
0.001992
0.001750
0.001673
0.002041
0.001421
0.001379
0.001277
0.001236
0.001411
0.001555
0.001281
0.001297
0.001242
0.001203
0.001169
0.001196
0.001206
0.001248
0.001257
0.001215
0.001384
0.001201
0.001692
0.001575
0.001438
0.001288
0.001325
0.001300
0.001273
0.001210
0.001326
0.001275
0.001499
0.001302
0.001347
0.001489
0.001694
0.002905
0.002043
0.002336
0.001634
0.001584
0.001690
0.002340
0.001619
0.001501
0.001354
0.001865
0.001332
0.001324
0.001319
0.001521
0.001407
0.001329
0.001630
0.001367
0.001408
0.001308
0.001284
0.001232
0.001241
0.001196
0.001182
0.001338
0.001275
0.001216
0.001344
0.001547
0.001381
0.001322
0.001261
0.001221
0.001234
0.001209
0.001239
0.001480
0.001275
0.001239
0.001188
0.001294
0.001329
0.001397
0.001327
0.001848
0.001722
0.003044
0.002012
0.001518
0.001729
0.002067
0.001703
0.001542
0.001461
0.001871
0.001421
0.001438
0.001300
0.001435
0.001358
0.001273
0.001608
0.001316
0.001268
0.001289
0.001302
0.001243
0.001442
0.001407
0.001434
0.001484
0.001454
0.001495
0.001954
0.001464
0.001441
0.001284
0.001342
0.001431
0.001583
0.001557
0.001383
0.001349
0.001294
0.001545
0.002076
0.001553
0.001759
0.001991
0.002206
0.001768
0.001612
0.001767
0.002345
0.001801
0.001763
0.001827
0.002182
0.001486
0.001442
0.001346
0.001356
0.001282
0.001455
0.001578
0.001374
0.001517
0.001441
0.001477
0.001391
0.001487
0.001395
0.001316
0.001386
0.001310
0.001582
0.001393
0.001526
0.001970
0.001520
0.001454
0.001563
0.001632
0.001607
0.001877
0.001754
0.001757
0.002141
0.001828
0.002558
0.002413
0.001593
0.001636
0.001936
0.005330
0.002276
0.001621
0.001617
0.001519
0.002019
0.001568
0.001551
0.001555
0.001478
0.001466
0.001352
0.001406
0.001348
0.001318
0.001305
0.001342
0.001323
