0.000244
0.000298
0.000311
0.000326
0.000377
0.000352
0.000362
0.000378
0.000389
0.000397
0.000428
0.000369
0.000404
0.000396
0.000422
0.000656
0.000445
0.000449
0.000433
0.000450
0.000457
0.000492
0.000450
0.000455
0.000450
0.000527
0.000550
0.000589
0.000474
0.000509
0.000463
0.000631
0.000448
0.000452
0.000442
0.000969
0.000464
0.000441
0.000461
0.000463
0.000468
0.000468
0.000477
0.000466
0.000454
0.000472
0.000453
0.000574
0.000487
0.000485
0.000492
0.000496
0.000507
0.000492
0.000469
0.000505
0.000456
0.000480
0.000475
0.000640
0.000574
0.000582
0.000583
0.000564
0.000543
0.000511
0.000519
0.000493
0.000511
0.000480
0.000507
0.000473
0.000505
0.000539
0.000499
0.000488
0.000615
0.000498
0.000537
0.000501
0.000505
0.000528
0.000532
0.000500
0.000546
0.000519
0.000522
0.000527
0.000511
0.000517
0.000567
0.000717
0.000863
0.000742
0.000718
0.000781
0.000725
0.000759
0.000766
0.000783
0.001029
0.000869
0.000807
0.000992
0.001145
0.001092
0.000781
0.000686
0.000875
0.000809
0.001047
0.002086
0.001090
0.000876
0.000762
0.000715
0.000671
0.000645
0.000659
0.000806
0.000814
0.000867
0.001290
0.000673
0.000634
0.000608
0.000625
0.000667
0.000573
0.000585
0.000620
0.000676
0.000604
0.000670
0.000605
0.000645
0.000600
0.000607
0.000581
0.000600
0.000571
0.000560
0.000773
0.000604
0.000607
0.000592
0.000586
0.000606
0.000593
0.000623
0.000607
0.000605
0.000618
0.000643
0.000622
0.000657
0.000648
0.000712
0.000884
0.000745
0.000728
0.000697
0.000694
0.000674
0.000674
0.000872
0.000777
0.000749
0.000663
0.000690
0.000675
0.000644
0.000646
0.000625
0.000611
0.000632
0.000626
0.000608
0.000629
0.000644
0.000637
0.000721
0.001201
0.001338
0.001085
0.001246
0.001052
0.001040
0.001201
0.000832
0.001848
0.001673
0.001006
0.000918
0.000887
0.000975
0.001022
0.001440
0.001310
0.001040
0.000943
0.000845
0.000916
0.000807
0.000998
0.000922
0.000782
0.000728
0.000768
0.001459
0.000771
0.000716
0.000712
0.000761
0.000960
0.000936
0.000794
0.000754
0.000749
0.000776
0.000787
0.000760
0.000777
0.002252
0.000984
0.000826
0.000784
0.000754
0.000745
0.000700
0.000725
0.000697
0.000729
0.000753
0.000871
0.001190
0.000940
0.000861
0.000851
0.000871
0.000837
0.000786
0.000836
0.000823
0.001017
0.001013
0.000861
0.000836
0.000797
0.000833
0.000952
0.000921
0.001129
0.000964
0.000892
0.001010
0.000985
0.000998
0.001325
0.001022
0.002284
0.002081
0.001382
0.001211
0.001442
0.002196
0.001214
0.001180
0.001702
0.001237
0.001254
0.001290
0.000993
0.000925
0.000923
0.000866
0.000831
0.001003
0.001176
0.001175
0.000943
0.000853
0.000863
0.000826
0.000800
0.000799
0.000784
0.000764
0.000801
0.000795
0.000826
0.000839
0.000787
0.000796
0.000746
0.000963
0.001350
0.000981
0.001063
0.000992
0.001028
0.000986
0.000966
0.000852
0.000837
0.000821
0.000813
0.000823
0.000819
0.000774
0.000815
0.000975
0.000919
0.000864
0.000853
0.000824
0.000908
0.001081
0.001163
0.001068
0.001014
0.001596
0.001519
0.001747
0.001467
0.001109
0.001071
0.001006
0.001317
0.001964
0.001296
0.001105
0.001063
0.000934
0.001160
0.001374
0.001127
0.001067
0.001147
0.000958
0.000895
0.000868
0.000863
0.000846
0.000826
0.000921
0.000998
0.000921
0.000941
0.000880
0.000882
0.000892
0.000859
0.000815
0.000825
0.000807
0.001024
0.000992
0.001066
0.001212
0.001034
0.001121
0.001203
0.001085
0.001148
0.001128
0.001125
0.001072
0.001052
0.001001
0.001279
0.001020
0.001007
0.000945
0.001068
0.000926
0.001025
0.001100
0.001451
0.001377
0.001330
0.001364
0.001508
0.003473
0.002674
0.001315
0.001313
0.001501
0.001794
0.002071
0.001762
0.001520
0.001425
0.001441
0.001565
0.001260
0.001301
0.001301
0.001348
0.001420
0.001238
0.001195
0.001321
0.001280
0.001128
0.001101
0.001020
0.001245
0.001467
0.000960
0.000983
0.000965
0.001418
0.001332
0.001130
0.001167
0.001059
0.001086
0.000978
0.001036
0.000985
0.001004
0.000992
0.000967
0.000943
0.000961
0.000929
0.000894
0.001048
0.001426
0.001655
0.001643
0.001785
0.001260
0.001899
0.001641
0.001457
0.001368
0.001299
0.001901
0.002512
0.002693
0.001679
0.001355
0.001743
0.001203
0.001135
0.001247
0.001196
0.001823
0.001237
0.001158
0.001092
0.001040
0.001038
0.001168
0.001111
0.001124
0.001080
0.001045
0.001027
0.001029
0.001006
0.001120
0.001617
0.001418
0.001239
0.001152
0.001112
0.001074
0.001039
0.001646
0.001022
0.001146
0.001156
0.001090
0.001219
0.001377
0.001754
0.001687
0.001816
0.001939
0.001775
0.002083
0.001812
0.001567
0.001638
0.001621
0.001765
0.001525
0.001372
0.001215
0.001305
0.001727
0.001249
0.001330
0.001210
0.001155
0.001129
0.001102
0.001203
0.001258
0.001157
0.001150
0.001124
0.001074
0.001062
0.001036
0.001017
0.001142
0.001181
0.001080
0.000972
0.000982
0.001020
0.001008
0.001024
0.001008
0.001098
0.001070
0.001121
0.001099
0.001077
0.001030
0.001016
0.001068
0.001125
0.001092
0.001082
0.001409
0.001750
0.001466
0.001462
0.001948
0.001310
0.003101
0.001332
0.001248
0.001264
0.001307
0.001817
0.001864
0.001669
0.001380
0.001401
0.001655
0.001210
0.001342
0.001282
0.001151
0.001104
0.001272
0.001112
0.001218
0.001208
0.001271
0.001169
0.001326
0.001650
0.001108
0.001067
0.001086
0.001013
0.001035
0.001006
0.001273
0.001152
0.001127
0.001151
0.001052
0.001011
0.001068
0.001062
0.001057
0.001031
0.001046
0.001006
0.000993
0.001015
0.000983
0.000953
0.001111
0.001277
0.001191
0.001234
0.001213
0.001676
0.001714
0.001817
0.001347
0.001344
0.001329
0.001676
0.001795
0.001762
0.001687
0.001676
0.001841
0.001315
0.001271
0.001343
0.001150
0.001177
0.001148
0.001277
0.001217
0.001132
0.001121
0.001154
0.001097
0.001091
0.001099
0.001109
0.001125
0.001147
0.001067
0.001100
0.001067
0.001045
0.001251
0.001187
0.001525
0.001339
0.001233
0.004895
0.001505
0.001182
0.001342
0.001169
0.001261
0.001984
0.004711
0.001743
0.002358
0.001482
0.001273
0.001491
0.002054
0.001824
0.001501
0.001430
0.001237
0.001744
0.001309
0.001267
0.001202
0.001792
0.001136
0.001273
0.001708
0.001319
0.001232
0.001194
0.001148
0.001130
0.001120
0.001118
0.001072
0.001172
0.001122
0.001105
0.001142
0.001281
0.001376
0.001381
0.001390
0.001334
0.001374
0.001133
0.001163
0.001128
0.001069
0.001057
0.001049
0.001041
0.001070
0.001574
0.001213
0.001150
0.001184
0.001200
0.001619
0.002402
0.001975
0.001332
0.001342
0.001328
0.002740
0.001695
0.001443
0.001300
0.001548
0.001522
0.001222
0.001278
0.001203
0.001138
0.001315
0.001457
0.001404
0.001317
0.001258
0.001313
0.001324
0.001328
0.001322
0.001297
0.001266
0.001242
0.001590
0.001447
0.001547
0.001406
0.001252
0.001183
0.001138
0.001839
0.001479
0.001202
0.001090
0.001214
0.001119
0.001157
0.001102
0.001619
0.001845
0.001586
0.001337
0.001667
0.001968
0.004540
0.001506
0.001625
0.002020
0.003202
0.001615
0.001387
0.001883
0.001466
0.001313
0.001362
0.001270
0.001436
0.001300
0.001284
0.001350
0.001245
0.001154
0.001193
0.001320
0.001329
0.001266
0.001187
0.001174
0.001119
0.001160
0.001329
0.001563
0.001411
0.001340
0.001221
0.001213
0.001573
0.001393
0.001384
0.001406
0.001470
0.002110
0.002157
0.002057
0.002756
0.004020
0.001739
0.002152
0.004429
0.002061
0.002216
0.001669
0.001713
0.001804
0.001443
0.001355
0.001523
0.001799
0.001463
0.001444
0.001380
0.001302
0.001290
0.001254
0.001394
0.001406
0.001231
0.001229
0.001279
0.001325
0.001264
0.001512
0.001298
0.001366
0.001266
0.001204
0.001135
0.001135
0.001130
0.001135
0.001263
0.001432
0.001533
0.001477
0.001359
0.001967
0.002316
0.002241
0.001458
0.001438
0.001484
0.002035
0.003671
0.002447
0.002774
0.001777
0.001619
0.001432
0.001333
0.001427
0.001433
0.001277
0.001362
0.001281
0.001264
0.001253
0.001209
0.001157
0.001173
0.001198
0.001208
0.001243
0.002183
0.001654
0.001521
0.001431
0.001306
0.001340
0.001269
0.001246
0.001282
0.001202
0.001183
0.001395
0.001639
0.001713
0.001501
0.002692
0.002203
0.002233
0.001634
0.001569
0.002255
0.001731
0.001532
0.001469
0.001453
0.001767
0.001309
0.001330
0.001243
0.001228
0.001223
0.001644
0.001643
0.001323
0.001231
0.001265
0.001223
0.001191
0.001262
0.001246
0.001194
0.001206
0.001189
0.001155
0.001169
0.001383
0.001367
0.001391
0.001268
0.001241
0.001168
0.001160
0.001188
0.001161
0.001284
0.001244
0.001191
0.001240
0.001288
0.001382
0.001325
0.001429
0.001901
0.001702
0.002574
0.001686
0.001606
0.001724
0.002417
0.001921
0.001663
0.001491
0.002110
0.001759
0.001485
0.001356
0.001321
0.001310
0.001321
0.001403
0.001381
0.001303
0.001337
0.001261
0.001266
0.001382
0.001249
0.001243
0.001272
0.001250
0.001264
0.001220
0.001363
0.001409
0.001304
0.001369
0.001462
0.001392
0.001425
0.001277
0.001273
0.001359
0.001988
0.001443
0.001536
0.001445
0.001810
0.001897
0.003096
0.001447
0.001471
0.001421
0.001998
0.001716
0.001640
0.001446
0.001770
0.001739
0.001389
0.001383
0.001398
0.001287
0.001240
0.001368
0.001376
0.001292
0.001305
0.001356
0.001661
0.001471
0.001326
0.001296
0.001265
0.001208
0.001296
0.001352
0.001370
0.001439
0.001337
0.001437
0.001532
0.001377
0.001357
0.001373
0.001311
0.001369
0.001335
0.001482
0.001878
0.001876
0.002000
0.001983
0.001891
0.002377
0.001640
0.001565
0.001740
0.001985
0.002387
0.002591
0.001759
0.002191
