0.000166
0.000157
0.000164
0.000178
0.000186
0.000199
0.000196
0.000204
0.000210
0.000219
0.000231
0.000219
0.000221
0.000229
0.000269
0.000237
0.000236
0.000238
0.000250
0.000247
0.000247
0.000251
0.000266
0.000258
0.000261
0.000260
0.000278
0.000266
0.000272
0.000308
0.000278
0.000276
0.000274
0.000288
0.000283
0.000282
0.000286
0.000294
0.000289
0.000287
0.000303
0.000298
0.000301
0.000304
0.000294
0.000301
0.000337
0.000308
0.000306
0.000303
0.000321
0.000305
0.000303
0.000322
0.000323
0.000311
0.000321
0.000311
0.000314
0.000324
0.000309
0.000314
0.000321
0.000357
0.000324
0.000321
0.000344
0.000321
0.000323
0.000336
0.000321
0.000322
0.000338
0.000331
0.000343
0.000343
0.000328
0.000385
0.000334
0.000336
0.000342
0.000338
0.000333
0.000350
0.000335
0.000335
0.000345
0.000340
0.000337
0.000348
0.000339
0.000344
0.000367
0.000338
0.000345
0.000360
0.000344
0.000345
0.000356
0.000345
0.000343
0.000358
0.000346
0.000383
0.000351
0.000343
0.000389
0.000352
0.000354
0.000371
0.000368
0.000361
0.000406
0.000384
0.000387
0.000397
0.000375
0.000390
0.000371
0.000377
0.000375
0.000366
0.000378
0.000367
0.000360
0.000370
0.000379
0.000365
0.000369
0.000363
0.000374
0.000366
0.000709
0.000373
0.000370
0.000385
0.000375
0.000380
0.000363
0.000371
0.000382
0.000373
0.000387
0.000391
0.000380
0.000395
0.000379
0.000402
0.000430
0.000440
0.000529
0.000470
0.000549
0.000549
0.000546
0.000465
0.000489
0.000434
0.000437
0.000424
0.000423
0.000415
0.000413
0.000414
0.000593
0.000673
0.000616
0.000414
0.000425
0.000409
0.000401
0.000409
0.000395
0.000400
0.000390
0.000390
0.000420
0.000385
0.000420
0.000390
0.000387
0.000399
0.000385
0.000399
0.000489
0.000417
0.000440
0.000473
0.001018
0.000771
0.000527
0.000487
0.000473
0.000453
0.000452
0.000425
0.000422
0.000433
0.000416
0.000444
0.000425
0.000422
0.000418
0.000405
0.000414
0.000408
0.000423
0.000406
0.000406
0.000449
0.000457
0.000483
0.000454
0.000451
0.000434
0.000458
0.000431
0.000416
0.000515
0.000429
0.000454
0.000445
0.000532
0.000481
0.000510
0.000464
0.000470
0.000457
0.000488
0.000460
0.000462
0.000466
0.000456
0.000447
0.000440
0.000452
0.000439
0.000479
0.000440
0.000449
0.000438
0.000456
0.000436
0.000449
0.000454
0.000431
0.000451
0.000468
0.000459
0.000436
0.001196
0.000488
0.000470
0.000471
0.000450
0.000468
0.000468
0.000472
0.000453
0.000489
0.000455
0.000467
0.000454
0.000796
0.000467
0.000483
0.000453
0.000476
0.000457
0.000480
0.000455
0.000489
0.000527
0.000502
0.000479
0.000487
0.000458
0.000472
0.000452
0.000470
0.000457
0.000490
0.000454
0.000480
0.000462
0.000465
0.000473
0.000464
0.000469
0.000475
0.000477
0.000566
0.000580
0.000677
0.000585
0.000613
0.000554
0.000520
0.000513
0.000487
0.000506
0.000705
0.000870
0.000545
0.000489
0.000496
0.000488
0.000518
0.000488
0.000546
0.000516
0.000533
0.000519
0.000512
0.000500
0.000524
0.000489
0.000505
0.000480
0.000502
0.000478
0.000506
0.000532
0.000873
0.000935
0.000672
0.000618
0.000617
0.000625
0.000624
0.000633
0.000601
0.000584
0.000588
0.000563
0.000584
0.000628
0.000642
0.000616
0.000576
0.000590
0.000641
0.000598
0.000615
0.000612
0.000636
0.000614
0.000587
0.000682
0.000630
0.000623
0.000621
0.000587
0.000643
0.000611
0.000591
0.000606
0.000628
0.000620
0.000609
0.000614
0.000672
0.000685
0.000674
0.000700
0.000698
0.000719
0.000759
0.000773
0.000832
0.000809
0.000775
0.000721
0.000759
0.000719
0.000674
0.000670
0.000651
0.000625
0.000634
0.000626
0.000591
0.000644
0.000617
0.000618
0.000624
0.000589
0.000654
0.000622
0.000610
0.000633
0.000610
0.000620
0.000620
0.000629
0.000975
0.000636
0.000664
0.000725
0.000760
0.000764
0.000761
0.000745
0.000738
0.000782
0.001948
0.000812
0.000721
0.000695
0.000706
0.000742
0.000735
0.000695
0.000691
0.000662
0.000682
0.000714
0.000682
0.000694
0.000714
0.000813
0.001236
0.000779
0.000749
0.000829
0.000740
0.000746
0.000690
0.000720
0.000719
0.000720
0.000728
0.000741
0.000728
0.000712
0.000727
0.000721
0.000729
0.000673
0.000711
0.000711
0.000731
0.000744
0.000746
0.000864
0.000814
0.000721
0.000741
0.000771
0.000693
0.000717
0.000696
0.000697
0.000674
0.000696
0.000708
0.000688
0.000723
0.000708
0.000674
0.000715
0.000694
0.000677
0.000655
0.000731
0.000705
0.000672
0.000725
0.000749
0.000727
0.000692
0.000747
0.000713
0.000691
0.000716
0.000696
0.000649
0.000688
0.000669
0.000714
0.000655
0.000672
0.000700
0.000699
0.000678
0.000698
0.000697
0.000668
0.000732
0.000770
0.000730
0.000696
0.000727
0.000715
0.000686
0.000658
0.000692
0.000705
0.000676
0.000717
0.000715
0.000680
0.000695
0.000690
0.000655
0.000677
0.000668
0.000669
0.000672
0.000666
0.000637
0.000698
0.000841
0.000792
0.000771
0.000730
0.000709
0.000707
0.000681
0.000729
0.000691
0.000719
0.000704
0.000682
0.000679
0.000690
0.001071
0.000734
0.000724
0.000695
0.000693
0.000702
0.000717
0.000674
0.000707
0.000741
0.000732
0.000792
0.000918
0.000835
0.000896
0.000830
0.000741
0.001150
0.001083
0.000735
0.000758
0.000829
0.000748
0.000747
0.000723
0.000840
0.000771
0.000766
0.000746
0.000814
0.000966
0.001332
0.000841
0.000895
0.000800
0.000772
0.000768
0.000756
0.000788
0.000776
0.000799
0.000731
0.000799
0.000752
0.000793
0.000772
0.000734
0.000761
0.000774
0.000802
0.000872
0.000918
0.000824
0.000823
0.000777
0.000785
0.000750
0.000769
0.000768
0.000762
0.000790
0.000793
0.000781
0.000830
0.000819
0.000776
0.000794
0.000780
0.000756
0.000771
0.000748
0.000816
0.000786
0.000785
0.000755
0.000769
0.000794
0.000786
0.000777
0.000758
0.000747
0.000740
0.000773
0.000751
0.000787
0.000754
0.000766
0.000812
0.000767
0.000758
0.000880
0.000979
0.001040
0.000879
0.000851
0.000869
0.000814
0.001487
0.000910
0.000808
0.000885
0.000797
0.000786
0.000782
0.000781
0.000757
0.000725
0.000784
0.000761
0.000755
0.000784
0.000845
0.001181
0.001305
0.000907
0.000874
0.000849
0.000793
0.000840
0.000756
0.000784
0.000803
0.000797
0.000799
0.000784
0.000796
0.000817
0.000846
0.000879
0.000834
0.000837
0.001376
0.001042
0.000979
0.001021
0.000972
0.000907
0.000925
0.000911
0.000847
0.000888
0.000908
0.000922
0.000938
0.000898
0.000926
0.000917
0.000902
0.000945
0.000890
0.000821
0.000843
0.000840
0.000867
0.000834
0.000828
0.000813
0.000832
0.000824
0.000852
0.000815
0.000795
0.000796
0.000784
0.000819
0.000770
0.000751
0.000866
0.000951
0.001021
0.000963
0.000932
0.001019
0.001030
0.001544
0.000861
0.000816
0.000883
0.000862
0.000876
0.000906
0.000887
0.000861
0.000871
0.000818
0.000814
0.000943
0.001527
0.001045
0.000954
0.000905
0.000875
0.000836
0.000834
0.000815
0.000818
0.000819
0.000803
0.000819
0.000852
0.000837
0.000892
0.000825
0.000816
0.000881
0.000850
0.000891
0.000977
0.000943
0.000922
0.000905
0.000881
0.000869
0.000856
0.000856
0.000845
0.000836
0.000867
0.000817
0.000856
0.000815
0.000812
0.000850
0.000838
0.000849
0.000869
0.000835
0.000866
0.000829
0.000839
0.000826
0.000809
0.000791
0.000811
0.000822
0.000816
0.000810
0.000797
0.000830
0.000821
0.000803
0.000803
0.000850
0.000935
0.000973
0.001035
0.000986
0.000928
0.001345
0.001370
0.000885
0.000861
0.000855
0.000852
0.000793
0.000807
0.000851
0.000854
0.000864
0.000878
0.000813
0.000911
0.002071
0.000999
0.000962
0.000896
0.000871
0.000893
0.000926
0.000886
0.000908
0.000865
0.000850
0.000830
0.000834
0.000870
0.000847
0.000813
0.000946
0.000910
0.000951
0.000993
0.001001
0.000909
0.000883
0.000879
0.000929
0.000857
0.000863
0.000868
0.000882
0.000889
0.000911
0.000874
0.000851
0.000848
0.000875
0.000915
0.000867
0.000836
0.000875
0.000891
0.000903
0.000949
0.000893
0.000897
0.000878
0.000883
0.000833
0.000857
0.000835
0.000856
0.000846
0.000883
0.000921
0.000953
0.001031
0.001077
0.000995
0.000992
0.000924
0.001376
0.001271
0.000913
0.000901
0.000884
0.000860
0.000854
0.000836
0.000825
0.000826
0.000882
0.000864
0.000875
0.001445
0.001343
0.000974
0.000917
0.000914
0.000857
0.000918
0.000885
0.000894
0.000899
0.000905
0.000887
0.000868
0.000832
0.000916
0.000861
0.000893
0.000989
0.001029
0.001116
0.001177
0.001177
0.001104
0.001096
0.001033
0.000962
0.000984
0.000939
0.000899
0.001003
0.000961
0.000941
0.000922
0.000931
0.000916
0.000886
0.000868
0.000886
0.000846
0.000868
0.000859
0.000853
0.000885
0.000873
0.000894
0.000884
0.000973
0.000988
0.000982
0.001073
0.001077
0.001136
0.001261
0.001217
0.001215
0.001093
0.002102
0.001022
0.001021
0.001650
0.001181
0.001139
0.001091
0.001057
0.001064
0.001677
0.001733
0.001168
0.001162
0.001151
0.001190
0.001332
0.001224
0.001259
0.001257
0.001156
0.001118
0.001048
0.001075
0.001048
0.001001
0.001051
0.001000
0.001009
0.001128
0.001121
0.001048
0.001008
0.001005
0.000937
0.000972
0.000940
0.000908
0.000941
0.000974
0.001041
0.000960
0.000939
0.000940
0.000922
0.000914
0.000886
0.000890
0.000894
0.000936
0.000907
0.000924
0.000893
0.000874
0.000896
0.000968
0.001060
0.001149
0.001037
0.001035
0.001006
0.002123
0.001423
0.001174
0.001053
0.001097
0.001018
0.000983
0.000968
0.000983
0.000950
0.000939
0.001049
0.001641
0.001085
0.001237
0.001177
0.001018
0.001016
0.000973
0.000988
0.000971
0.000964
0.000930
0.000932
