0.000144
0.000155
0.000169
0.000195
0.000194
0.000211
0.000201
0.000206
0.000216
0.000210
0.000230
0.000217
0.000233
0.000228
0.000272
0.000243
0.000235
0.000237
0.000251
0.000248
0.000252
0.000252
0.000280
0.000281
0.000302
0.000312
0.000360
0.000279
0.000272
0.000289
0.000274
0.000279
0.000296
0.000291
0.000281
0.000287
0.000297
0.000283
0.000286
0.000289
0.000301
0.000298
0.000300
0.000309
0.000294
0.000300
0.000315
0.000301
0.000306
0.000322
0.000314
0.000313
0.000317
0.000310
0.000343
0.000318
0.000332
0.000326
0.000440
0.000572
0.000384
0.000331
0.000339
0.000327
0.000342
0.000325
0.000348
0.000329
0.000327
0.000339
0.000333
0.000327
0.000341
0.000334
0.000333
0.000717
0.000336
0.000367
0.000335
0.000340
0.000349
0.000342
0.000347
0.000351
0.000343
0.000343
0.000354
0.000343
0.000340
0.000357
0.000345
0.000345
0.000364
0.000341
0.000358
0.000351
0.000348
0.000358
0.000364
0.000350
0.000361
0.000351
0.000353
0.000380
0.000369
0.000408
0.000382
0.000398
0.000486
0.000454
0.000433
0.000449
0.000399
0.000392
0.000383
0.000398
0.000374
0.000371
0.000431
0.000508
0.000481
0.000521
0.000415
0.000374
0.000388
0.000364
0.000372
0.000379
0.000365
0.000392
0.000383
0.000373
0.000382
0.000368
0.000372
0.000379
0.000374
0.000375
0.000385
0.000368
0.000386
0.000370
0.000383
0.000401
0.000403
0.000526
0.000826
0.000598
0.000562
0.000454
0.000435
0.000412
0.000401
0.000427
0.000423
0.000421
0.000390
0.000392
0.000412
0.000393
0.000403
0.000386
0.000397
0.000404
0.000388
0.000404
0.000404
0.000388
0.000431
0.000389
0.000397
0.000386
0.000385
0.000394
0.000386
0.000382
0.000402
0.000385
0.000420
0.000392
0.000391
0.000404
0.000413
0.000518
0.000501
0.000638
0.000546
0.000498
0.000494
0.000494
0.000463
0.000462
0.000433
0.000462
0.000507
0.000623
0.000610
0.000422
0.000422
0.000413
0.000404
0.000413
0.000408
0.000396
0.000426
0.000405
0.000752
0.000426
0.000449
0.000431
0.000438
0.000424
0.000427
0.000413
0.000408
0.000424
0.000407
0.000418
0.000416
0.000470
0.000693
0.000858
0.000506
0.000474
0.000464
0.000463
0.000460
0.000469
0.000441
0.000471
0.000446
0.000459
0.000434
0.000440
0.000428
0.000423
0.000438
0.000424
0.000430
0.000421
0.000430
0.000420
0.000443
0.000455
0.000437
0.000440
0.000431
0.000446
0.000447
0.000437
0.000442
0.000462
0.000469
0.000446
0.000524
0.000515
0.000558
0.000586
0.000571
0.000541
0.000535
0.000596
0.000549
0.000500
0.000498
0.000571
0.000797
0.000818
0.000499
0.000522
0.000525
0.000552
0.000554
0.000524
0.000536
0.000552
0.000548
0.000549
0.000524
0.000534
0.000610
0.000575
0.000564
0.000537
0.000659
0.001335
0.000747
0.000677
0.000617
0.000609
0.000606
0.000576
0.000596
0.000550
0.000574
0.000561
0.000562
0.000555
0.000522
0.000538
0.000541
0.000563
0.000532
0.000579
0.000563
0.000642
0.000627
0.000581
0.000600
0.000574
0.000613
0.000631
0.000636
0.000678
0.000694
0.000733
0.000727
0.000714
0.000699
0.000654
0.000649
0.000796
0.001127
0.000622
0.000604
0.000595
0.000581
0.000620
0.000569
0.000656
0.000580
0.000579
0.000617
0.000565
0.000624
0.000628
0.000662
0.001214
0.001125
0.000696
0.000677
0.000670
0.000617
0.000628
0.000614
0.000603
0.000616
0.000609
0.000667
0.000687
0.000654
0.000630
0.000694
0.000637
0.000665
0.000643
0.000631
0.000646
0.000806
0.000887
0.001006
0.000908
0.000920
0.000812
0.000778
0.000731
0.000664
0.000789
0.001377
0.000696
0.000690
0.000706
0.000887
0.000814
0.000867
0.000886
0.000758
0.000731
0.000679
0.000726
0.000790
0.001321
0.000758
0.000711
0.000712
0.000717
0.000719
0.000690
0.000710
0.000706
0.000777
0.000687
0.000685
0.000667
0.000639
0.000706
0.000657
0.000643
0.000670
0.000652
0.000652
0.000672
0.000684
0.000670
0.000678
0.000667
0.000663
0.000670
0.000656
0.000652
0.000651
0.000646
0.000620
0.000691
0.000681
0.000663
0.000726
0.000712
0.000675
0.000677
0.000682
0.000712
0.000675
0.000674
0.000665
0.000656
0.000682
0.000673
0.000698
0.000692
0.000718
0.000707
0.000704
0.000678
0.000664
0.000660
0.000666
0.000647
0.000675
0.000731
0.000651
0.000661
0.000656
0.000656
0.000668
0.000695
0.000701
0.000703
0.000687
0.000669
0.000678
0.000670
0.000686
0.000690
0.000811
0.000819
0.000833
0.000834
0.000851
0.000879
0.000773
0.001542
0.000731
0.000713
0.000716
0.000771
0.000681
0.000684
0.000684
0.001213
0.000691
0.000734
0.000786
0.001266
0.000981
0.000839
0.000795
0.000786
0.000712
0.000755
0.000740
0.000744
0.000748
0.000731
0.000744
0.000718
0.000702
0.000704
0.000695
0.000685
0.000707
0.000700
0.000681
0.000676
0.000726
0.000896
0.001087
0.001054
0.000982
0.000976
0.000978
0.000867
0.000854
0.000793
0.000853
0.000928
0.000940
0.001002
0.000923
0.001021
0.000882
0.000807
0.000940
0.000946
0.000866
0.001675
0.001245
0.000891
0.000844
0.000818
0.000794
0.000728
0.000744
0.000716
0.000759
0.000700
0.000709
0.000728
0.000741
0.000740
0.000859
0.001233
0.002261
0.001099
0.001057
0.000977
0.000858
0.000848
0.000826
0.000817
0.000830
0.000792
0.000750
0.000735
0.000750
0.000747
0.000788
0.000770
0.000754
0.001250
0.001930
0.001561
0.001037
0.000906
0.000892
0.000911
0.000884
0.000868
0.000829
0.000804
0.000814
0.000800
0.000809
0.000875
0.000821
0.000828
0.002023
0.002178
0.002135
0.001164
0.001108
0.001049
0.000969
0.001116
0.001139
0.001167
0.001011
0.000980
0.001018
0.002261
0.001640
0.001209
0.001044
0.001060
0.001047
0.001010
0.000928
0.000880
0.000950
0.000900
0.000842
0.000863
0.000782
0.000852
0.002436
0.001847
0.001103
0.001110
0.000991
0.001072
0.001810
0.001086
0.001071
0.000969
0.000958
0.000905
0.000867
0.000969
0.002161
0.002337
0.001372
0.001168
0.001144
0.001052
0.001005
0.000993
0.000933
0.000892
0.000888
0.000901
0.000918
0.001761
0.002153
0.001446
0.001138
0.001324
0.001234
0.001385
0.001288
0.001123
0.001037
0.000971
0.000940
0.000930
0.001932
0.002348
0.001209
0.001265
0.001094
0.001020
0.000964
0.000957
0.000928
0.000968
0.000947
0.000940
0.000900
0.000888
0.000948
0.002266
0.002624
0.001471
0.001118
0.001055
0.000968
0.000914
0.000966
0.001020
0.000930
0.000919
0.000935
0.000897
0.001927
0.002147
0.001361
0.001204
0.001119
0.001069
0.001029
0.000969
0.000925
0.000903
0.000892
0.000870
0.000934
0.000888
0.000921
0.002724
0.002034
0.001232
0.001050
0.001066
0.001006
0.000989
0.001029
0.001151
0.001050
0.001027
0.000964
0.000961
0.002339
0.001404
0.001213
0.001188
0.001123
0.001052
0.001034
0.000967
0.000952
0.000998
0.000965
0.001053
0.001030
0.001022
0.001793
0.001689
0.001919
0.001059
0.000995
0.000995
0.000978
0.000988
0.000968
0.000951
0.000907
0.000915
0.000956
0.000878
0.000869
0.001100
0.001626
0.001044
0.000992
0.000961
0.000926
0.000925
0.000933
0.000854
0.000850
0.000874
0.000880
0.001468
0.000933
0.000902
0.000887
0.001124
0.001036
0.001061
0.001198
0.001040
0.001077
0.001000
0.001489
0.001320
0.000918
0.000942
0.000916
0.000869
0.000914
0.000899
0.000986
0.001097
0.001735
0.001019
0.000944
0.000960
0.000936
0.000888
0.000891
0.000906
0.000893
0.000921
0.000877
0.000830
0.000832
0.000868
0.000890
0.000863
0.000877
0.000911
0.000936
0.000988
0.000931
0.000908
0.000922
0.000873
0.000883
0.000868
0.000841
0.000838
0.000885
0.000830
0.000875
0.000874
0.000878
0.000839
0.000869
0.000874
0.000833
0.000884
0.000819
0.000819
0.000827
0.000891
0.000949
0.000904
0.000890
0.000894
0.000850
0.000831
0.000837
0.000838
0.000830
0.000836
0.000864
0.000865
0.000825
0.000894
0.000879
0.000916
0.000960
0.000976
0.000973
0.000917
0.000894
0.001872
0.000933
0.000900
0.000882
0.000875
0.000862
0.000837
0.000841
0.000847
0.000939
0.001610
0.001095
0.000993
0.000955
0.000912
0.000876
0.000885
0.000862
0.000864
0.000896
0.000907
0.000930
0.000910
0.000895
0.000917
0.000865
0.000883
0.000900
0.000907
0.000890
0.000872
0.000891
0.000907
0.000915
0.000881
0.000881
0.000875
0.000983
0.000998
0.001079
0.001130
0.001134
0.001111
0.001142
0.001130
0.000935
0.000917
0.001379
0.000890
0.000851
0.000837
0.000868
0.000886
0.000950
0.000985
0.000932
0.000894
0.000895
0.000853
0.000875
0.000851
0.000886
0.001008
0.001056
0.001111
0.001014
0.001004
0.000961
0.001747
0.001179
0.000965
0.000962
0.000977
0.000915
0.000924
0.000903
0.000951
0.000950
0.001215
0.001477
0.001005
0.000969
0.000962
0.000979
0.001008
0.000997
0.000938
0.000936
0.001007
0.000909
0.000921
0.000934
0.000930
0.000919
0.001101
0.001062
0.001128
0.001066
0.001060
0.001065
0.001451
0.001536
0.000996
0.000962
0.000995
0.000932
0.000920
0.000915
0.000940
0.000879
0.001084
0.001753
0.001110
0.001018
0.001002
0.000941
0.000968
0.000971
0.000927
0.000940
0.000942
0.000950
0.000959
0.000949
0.000957
0.000908
0.000979
0.000977
0.001016
0.000989
0.001018
0.001044
0.000979
0.000981
0.000968
0.000956
0.000937
0.000933
0.000954
0.000936
0.000932
0.000886
0.000957
0.000972
0.000961
0.001007
0.000895
0.000882
0.000906
0.000870
0.000883
0.000927
0.000905
0.000921
0.000874
0.000879
0.000897
0.000868
0.000871
0.000856
0.000853
0.000840
0.000955
0.001058
0.001134
0.001113
0.001052
0.001004
0.000960
0.001874
0.000922
0.000902
0.000923
0.000936
0.000916
0.000918
0.000865
0.000916
0.001961
0.001533
0.001080
0.001035
0.001047
0.001001
0.000979
