0.000743
0.002240
0.003385
0.005161
0.005135
0.005441
0.006623
0.007657
0.005323
0.004912
0.005352
0.006166
0.007911
0.008593
0.007490
0.007983
0.005589
0.004142
0.004412
0.004657
0.005007
0.004714
0.004855
0.005087
0.004992
0.005088
0.005451
0.005640
0.005744
0.005897
0.006476
0.006562
0.005070
0.004141
0.004061
0.003847
0.004279
0.003696
0.003816
0.003968
0.004005
0.004481
0.004156
0.004280
0.004365
0.004578
0.004704
0.004761
0.004890
0.006355
0.005135
0.005449
0.005257
0.005322
0.005319
0.005521
0.005560
0.005677
0.005831
0.005899
0.007396
0.006584
0.006460
0.006661
0.005428
0.004281
0.003820
0.003843
0.003390
0.003447
0.003781
0.003477
0.003546
0.003531
0.003603
0.004043
0.004519
0.003874
0.004854
0.004091
0.004195
0.004403
0.004116
0.004142
0.004290
0.004271
0.004435
0.004325
0.004440
0.004322
0.004548
0.004897
0.005693
0.005244
0.004849
0.004521
0.004705
0.004618
0.004885
0.004949
0.005191
0.005174
0.004974
0.004969
0.006035
0.007134
0.005887
0.006039
0.006367
0.007185
0.006537
0.006785
0.006495
0.006498
0.006759
0.007453
0.007572
0.006746
0.007168
0.006785
0.006396
0.006073
0.006090
0.006098
0.006703
0.007343
0.006650
0.006260
0.005409
0.004920
0.004765
0.004967
0.004440
0.004607
0.003904
0.003527
0.003701
0.003987
0.004512
0.003861
0.003701
0.003735
0.004260
0.003553
0.003588
0.003674
0.003693
0.003769
0.003721
0.003778
0.004228
0.003898
0.003766
0.003730
0.004217
0.005105
0.004507
0.004950
0.004591
0.004721
0.004066
0.004857
0.004174
0.004143
0.004217
0.004784
0.004303
0.004334
0.004257
0.006105
0.005830
0.004679
0.005014
0.004498
0.004451
0.004357
0.004451
0.004271
0.004440
0.004969
0.004434
0.004437
0.004527
0.006495
0.005597
0.005798
0.005032
0.004537
0.004703
0.004921
0.004811
0.004993
0.004799
0.004905
0.004717
0.004880
0.005075
0.006091
0.005281
0.005436
0.005111
0.005091
0.004949
0.005070
0.005199
0.005185
0.005418
0.005191
0.005198
0.005607
0.007009
0.005615
0.005441
0.005270
0.005441
0.005406
0.005384
0.005436
0.005645
0.005509
0.005451
0.007472
0.006194
0.008845
0.005595
0.005856
0.005666
0.005646
0.006059
0.005797
0.005737
0.006459
0.011362
0.010310
0.007967
0.007442
0.007190
0.007090
0.006283
0.006084
0.007719
0.007557
0.007124
0.006440
0.006146
0.006151
0.006029
0.006097
0.005891
0.005776
0.006534
0.008060
0.006157
0.006367
0.005593
0.005517
0.005846
0.005407
0.005640
0.005061
0.005098
0.004963
0.006667
0.004484
0.005231
0.004744
0.004295
0.003839
0.003990
0.003819
0.003699
0.004155
0.003920
0.003663
0.003700
0.003552
0.003563
0.004041
0.004768
0.004261
0.004778
0.004552
0.004066
0.003606
0.003653
0.003624
0.003646
0.003522
0.003631
0.005104
0.004423
0.003715
0.003685
0.005208
0.004959
0.005666
0.007832
0.005101
0.004907
0.004793
0.004573
0.004756
0.004312
0.004585
0.004128
0.003947
0.003906
0.005723
0.005609
0.004224
0.004636
0.004163
0.004154
0.003815
0.004478
0.003994
0.004009
0.003961
0.004052
0.004074
0.004092
0.003987
0.005261
0.005989
0.004380
0.004494
0.004396
0.003931
0.004144
0.004733
0.004342
0.004058
0.004090
0.004328
0.004250
0.004285
0.004200
0.005286
0.005828
0.004676
0.005453
0.004817
0.004465
0.004427
0.004452
0.004386
0.004476
0.004939
0.004520
0.004389
0.004622
0.004785
0.006793
0.005053
0.005548
0.004710
0.004522
0.004522
0.004476
0.004520
0.004673
0.004611
0.004569
0.004624
0.004546
0.005471
0.006266
0.005213
0.004970
0.004957
0.004780
0.004775
0.004722
0.006585
0.005769
0.008406
0.004759
0.005966
0.006518
0.005503
0.006004
0.005746
0.005938
0.005476
0.004793
0.004810
0.005739
0.004949
0.005517
0.006337
0.005981
0.006267
0.006167
0.005823
0.006858
0.005786
0.005827
0.006292
0.005799
0.005725
0.007392
0.006631
0.006768
0.005558
0.005313
0.005207
0.005127
0.005525
0.006060
0.005891
0.005357
0.007620
0.010850
0.007314
0.006793
0.006431
0.006464
0.006223
0.006689
0.006612
0.006779
0.007139
0.005849
0.005904
0.005818
0.005384
0.005676
0.005412
0.005479
0.005803
0.005497
0.005463
0.006481
0.006877
0.006900
0.005763
0.005723
0.005564
0.005643
0.005501
0.005958
0.005574
0.005501
0.008160
0.007302
0.006349
0.007492
0.006811
0.005781
0.005745
0.006339
0.005896
0.005870
0.006457
0.008273
0.006841
0.006293
0.005921
0.005975
0.005872
0.005923
0.005999
0.006044
0.005959
0.007561
0.006601
0.007527
0.006048
0.006134
0.006438
0.005993
0.006405
0.006208
0.006525
0.008731
0.007433
0.010977
0.008112
0.007298
0.007145
0.007544
0.007278
0.008994
0.008787
0.008533
0.007519
0.007058
0.007316
0.007644
0.008294
0.009553
0.010069
0.010092
0.013172
0.029734
0.014744
0.011566
0.009547
0.007626
0.007878
0.008055
0.007073
0.008909
0.007782
0.008001
0.006800
0.007231
0.006382
0.006166
0.005711
0.005787
0.006505
0.007832
0.006537
0.007162
0.005855
0.005480
0.005311
0.005598
0.006204
0.005104
0.005478
0.005083
0.006146
0.005924
0.005928
0.005487
0.005198
0.005216
0.005235
0.005188
0.005579
0.005047
0.005231
0.004993
0.005814
0.007163
0.006015
0.005297
0.005227
0.005134
0.004677
0.005343
0.004984
0.005192
0.004795
0.004735
0.005028
0.007113
0.005340
0.005164
0.005109
0.004692
0.004818
0.004733
0.004129
0.004024
0.004649
0.005287
0.003812
0.003917
0.004841
0.004996
0.004027
0.006804
0.005206
0.004702
0.004695
0.004402
0.004153
0.003889
0.006177
0.004585
0.004569
0.005939
0.005888
0.005376
0.006085
0.004736
0.005299
0.004586
0.004556
0.004398
0.004500
0.005319
0.004529
0.004551
0.004916
0.005582
0.006728
0.005425
0.005002
0.004841
0.004560
0.005009
0.004608
0.004709
0.004713
0.004301
0.004107
0.003936
0.004255
0.004797
0.005242
0.004773
0.004498
0.005767
0.004681
0.004976
0.004671
0.004558
0.004563
0.005138
0.004663
0.004289
0.004257
0.006285
0.004540
0.005522
0.005621
0.005170
0.004627
0.004870
0.004722
0.004184
0.004509
0.004209
0.004045
0.004058
0.004454
0.005996
0.005059
0.005362
0.004911
0.004138
0.004082
0.004830
0.004210
0.004036
0.004163
0.004403
0.004175
0.004275
0.004155
0.004558
0.005740
0.005641
0.007090
0.006456
0.008158
0.005113
0.005338
0.007145
0.005078
0.005356
0.006440
0.007500
0.006120
0.005942
0.005844
0.004960
0.005072
0.005379
0.005273
0.005494
0.005320
0.005359
0.005919
0.006748
0.005961
0.005824
0.005280
0.005163
0.005409
0.005054
0.005274
0.005680
0.005624
0.005502
0.006616
0.006241
0.006847
0.006010
0.005344
0.005483
0.005511
0.005404
0.006136
0.005394
0.005195
0.006344
0.007038
0.005879
0.005034
0.004763
0.005033
0.004681
0.004477
0.004547
0.004935
0.004843
0.004501
0.007644
0.008029
0.007297
0.007020
0.006020
0.005495
0.005428
0.005306
0.005498
0.005542
0.005267
0.004676
0.005452
0.006178
0.005361
0.006552
0.005546
0.005859
0.005656
0.005095
0.005049
0.005514
0.005072
0.005850
0.008047
0.006115
0.007676
0.006120
0.006024
0.005824
0.005611
0.007680
0.005675
0.005439
0.005941
0.007704
0.007008
0.005960
0.006563
0.006013
0.005595
0.005592
0.005612
0.005146
0.005242
0.008500
0.007971
0.008889
0.006575
0.006481
0.006113
0.005901
0.007062
0.006171
0.006213
0.007547
0.006832
0.007107
0.006525
0.006643
0.006022
0.006379
0.006609
0.005715
0.006424
0.007981
0.006855
0.007236
0.006425
0.006208
0.006133
0.006028
0.006670
0.006044
0.006005
0.007038
0.007930
0.007646
0.007043
0.006277
0.006105
0.006204
0.006872
0.006013
0.006080
0.007355
0.006563
0.006686
0.006677
0.005939
0.005974
0.005759
0.005337
0.005524
0.005016
0.005277
0.006133
0.006796
0.006940
0.006623
0.006087
0.006306
0.006020
0.006296
0.006574
0.006035
0.007645
0.009148
0.010824
0.007031
0.007549
0.006458
0.007887
0.006609
0.007868
0.009352
0.008645
0.007605
0.007350
0.006740
0.006929
0.007950
0.007299
0.007138
0.009188
0.007939
0.007454
0.006743
0.006532
0.006395
0.007000
0.005989
0.005946
0.008400
0.006473
0.006637
0.006113
0.005467
0.005529
0.005352
0.005446
0.006110
0.005427
0.005527
0.007707
0.006121
0.006527
0.006248
0.005771
0.006064
0.005582
0.005591
0.005814
0.005569
0.005716
0.006621
0.007024
0.007394
0.007093
0.006478
0.006385
0.005622
0.005700
0.005669
0.005658
0.006471
0.008103
0.006918
0.006590
0.005813
0.005823
0.005950
0.005675
0.006348
0.005985
0.005787
0.007636
0.006723
0.007090
0.006435
0.005723
0.006013
0.005536
0.005878
0.005792
0.005575
0.007184
0.008440
0.009334
0.007978
0.006885
0.007027
0.006563
0.006951
0.006864
0.007047
0.008863
0.008253
0.008223
0.007199
0.007093
0.006879
0.007734
0.006850
0.008406
0.008527
0.008113
0.007195
0.006999
0.006119
0.005813
0.006409
0.005852
0.006324
0.008153
0.007106
0.008499
0.006980
0.007319
0.006919
0.007336
0.006545
0.006075
0.007975
0.007500
0.007352
0.007748
0.008600
0.007025
0.006854
0.006300
0.007363
0.007184
0.008144
0.007621
0.007894
0.007071
0.007173
0.007735
0.007314
0.007263
0.007781
0.007452
0.010502
0.007553
0.007520
0.007281
0.007944
0.007276
0.008308
0.009153
0.009066
0.006546
0.007195
0.005953
0.006274
0.007384
0.006374
0.006874
0.008437
0.010843
0.008912
0.007545
0.007448
0.007475
0.007264
0.007289
0.009605
0.008284
0.008036
0.007736
0.007520
0.007740
0.008016
0.007487
0.009239
0.009826
0.008423
0.007689
0.007165
0.006748
0.006698
0.006131
0.006378
0.009674
0.007680
0.007606
0.007274
0.007393
0.007123
0.008334
0.007262
0.008254
0.008953
0.008241
0.007650
0.007694
0.007387
